760, 280, 16668, -581, -91, -206, 5588, 4708, 14892, -12382, 13938, 979, 740, 6208, -5248, -14506, 15368, 1027, 1880, 7764, -4480, -15484, 15127, 1073, 2472, 6728, -6024, -16417, 14633, 710, 1644, 5740, -6268, -17390, 13964, 425, 1692, 5336, -7408, -18117, 13192, 73, 1580, 4988, -8064, -18900, 12222, -376, 1392, 4888, -8864, -19546, 11406, -732, 1164, 4584, -9864, -20141, 10527, -1055
956, 4148, -10928, -20704, 9619, -1423, 3512, 2104, 18564, -1690, 4885, -621, -1564, 4668, -2508, -3644, 6987, 19, -368, 5984, 1460, -4366, 6996, 666, 1264, 5372, 36, -5306, 7260, 901, 1252, 4608, 152, -6298, 7400, 1064, 1884, 4328, -552, -7191, 7341, 1130, 2208, 4268, -1116, -8114, 7351, 1124, 2888, 4476, -1908, -9004, 7428, 1082, 3204, 4644, -2132, -9828, 7523, 854
3572, 4912, -2820, -10579, 7554, 621, 2024, 1036, -228, -7296, 6233, -45, 1272, 2020, -8696, -10014, 8602, 279, 1388, 3588, -9996, -11429, 8829, 570, 2904, 2852, -11880, -12977, 9275, 565, 2296, 2828, -12044, -14593, 9641, 530, 2136, 2952, -12268, -15874, 9681, 313, 2076, 3500, -12752, -17082, 9688, 77, 1640, 4248, -13796, -18152, 9687, -109, 1392, 4520, -14536, -19113, 9538, -213
1508, 4756, -15532, -19955, 9232, -417, 6984, 1452, 2836, -10213, 8593, 1270, 2492, 3644, -18424, -13141, 10654, 1357, 3672, 5180, -19012, -16630, 11085, 1114, 3036, 4924, -19124, -18400, 11205, 871, 3024, 5328, -20132, -19832, 11153, 412, 2664, 5620, -20868, -21181, 11025, -16, 2500, 6008, -21972, -22376, 10944, -381, 2176, 6152, -22964, -23421, 10778, -737, 1656, 5964, -24116, -24336, 10425, -1141
1468, 5668, -24692, -25150, 10052, -1396, 3348, 1992, -72, -5509, 1475, 21, 2456, 2364, -6492, -7742, 3818, 212, 3764, 4032, -8312, -8939, 4008, 316, 4324, 3772, -9748, -10119, 4538, -16, 3984, 3264, -9560, -11463, 5001, -218, 3888, 2908, -9984, -12602, 5306, -516, 3548, 3180, -11088, -13733, 5659, -864, 2952, 3388, -12284, -14890, 6116, -1042, 2484, 3512, -13448, -15823, 6450, -1155
1932, 3432, -14844, -16750, 6749, -1333, 3708, 548, 6288, -7597, 3645, -1454, -104, 3252, -17024, -10048, 6099, -918, 2232, 3224, -5104, -11198, 6213, -828, 3556, 2268, -7672, -12366, 6731, -1038, 3048, 1732, -7576, -13676, 7200, -1100, 2760, 1648, -8196, -14727, 7436, -1330, 2652, 2024, -9548, -15829, 7781, -1509, 2488, 2284, -11352, -16920, 8163, -1610, 2236, 2300, -13008, -18061, 8495, -1673
2172, 2392, -13996, -19152, 8765, -1751, 6800, 756, 18516, -5634, 7256, 921, 1304, 2836, -2012, -7967, 9696, 1110, 2856, 4668, -1460, -9111, 9864, 1324, 3668, 4108, -3604, -10478, 10268, 1160, 3116, 3368, -3128, -11936, 10522, 1037, 3244, 3272, -3964, -13116, 10479, 819, 3256, 3480, -4448, -14256, 10413, 608, 3272, 3400, -5804, -15370, 10389, 428, 3256, 3520, -7024, -16397, 10314, 203
3100, 3336, -8304, -17302, 10068, -71, 5936, -852, 9420, -11903, 8672, -1276, 2080, 1960, -12400, -14526, 11088, -690, 2720, 2280, -7556, -15852, 11080, -496, 3448, 1472, -9280, -17209, 11417, -504, 2512, 760, -8840, -18705, 11554, -453, 2200, 600, -9476, -19890, 11400, -414, 1756, 728, -10272, -21033, 11307, -447, 1732, 904, -11508, -22114, 11266, -519, 1596, 780, -12004, -23091, 11186, -472
1168, 792, -12532, -23918, 11021, -427, 6848, -1824, 20700, 3590, 1311, -4218, -1860, 20, 1972, 2209, 3401, -3472, -324, 2576, 1188, 1786, 3029, -2677, 528, 1964, -44, 1181, 3096, -2459, 252, 1000, 584, 534, 3125, -2153, 228, 852, 284, 134, 2989, -1979, 376, 1336, -652, -356, 2891, -1782, 504, 1584, -1984, -752, 2892, -1625, 724, 2060, -3260, -1273, 2937, -1358
612, 2200, -4580, -1809, 2892, -1130, -256, -2708, -8740, -12035, 6927, -2615, -3348, -2324, -17568, -14856, 9561, -1399, -1664, -484, -21156, -16368, 10001, -278, -1632, -1092, -24196, -18176, 10571, 383, -2112, -1616, -24724, -20003, 10969, 1035, -2652, -1728, -26704, -21675, 11099, 1504, -3332, -1000, -29076, -23318, 11089, 1952, -4128, -328, -31656, -24922, 10808, 2411, -4932, 264, -32512, -26424, 10175, 2991
-5400, 504, -32512, -27804, 9259, 3450, 1420, 644, -5380, -13065, 7428, -952, 40, 1280, -12756, -15370, 9259, -334, 536, 3092, -14496, -16441, 8521, -109, 632, 2784, -15104, -17613, 8075, -97, -184, 2564, -15172, -18925, 7658, -32, -612, 2316, -14928, -19940, 6887, -195, -476, 2592, -15352, -20825, 6177, -291, -400, 2784, -16080, -21650, 5665, -430, -380, 2904, -16632, -22435, 5142, -632
-724, 2952, -16936, -23076, 4553, -704, 3472, -788, 220, -15026, 3660, -1412, -2992, 1944, -21296, -17445, 5437, -872, -1920, 3392, -17836, -18659, 4949, -429, -1128, 2784, -19560, -20157, 4731, -185, -1460, 2044, -19024, -21682, 4518, -90, -1232, 2044, -19540, -22946, 4098, -62, -1080, 2392, -20356, -24185, 3719, -6, -972, 2396, -20880, -25282, 3375, 181, -844, 2520, -21936, -26450, 2880, 266
-756, 2276, -22656, -27479, 2232, 278, -216, 1524, -11860, -12271, 6530, -2016, -1492, 1452, -18800, -14487, 8551, -1525, -1312, 3920, -20448, -15924, 8257, -902, -816, 3572, -23008, -17399, 8099, -657, -1404, 2636, -23428, -19014, 7865, -453, -1576, 2440, -24200, -20396, 7403, -330, -1596, 2788, -26032, -21984, 6830, -334, -1864, 3272, -28408, -23422, 6178, -156, -1848, 3420, -30152, -24939, 5388, 65
-1884, 3408, -32068, -26444, 4440, 195, 3128, -664, -6248, -20056, 6030, -1181, -2676, 2000, -27728, -21965, 7584, -800, -1776, 3552, -22624, -23071, 6789, -203, -104, 3404, -24656, -24267, 6173, -260, -156, 2820, -24492, -25495, 5652, -355, 88, 2876, -25784, -26527, 4939, -583, 368, 3364, -27216, -27634, 4224, -776, 924, 3720, -28988, -28624, 3657, -924, 1204, 3880, -29628, -29731, 2967, -1147
1644, 3864, -30984, -30826, 2245, -1376, 3448, -2080, 5200, -11740, 2381, -4562, -280, 488, -16092, -13488, 4678, -3952, 400, 672, -9976, -14172, 4405, -3543, 308, 484, -12032, -15005, 4220, -3342, -592, -100, -12564, -16070, 4229, -2980, -856, -180, -13720, -16925, 3948, -2783, -1112, 20, -15108, -17915, 3559, -2658, -1436, 128, -16840, -18874, 3301, -2573, -1552, 272, -17648, -19821, 2956, -2381
-1940, 376, -19056, -20930, 2430, -2186, 4664, -1416, -2936, -15901, 6666, 526, 580, 240, -22560, -18466, 8930, 1097, 8, 2492, -23840, -20113, 8717, 1486, 328, 2320, -26064, -21868, 8677, 1695, -40, 2036, -25884, -23843, 8716, 1869, 8, 2180, -26180, -25463, 8298, 1851, 404, 2696, -26980, -26983, 7795, 1831, 560, 3100, -27708, -28349, 7353, 1827, 968, 3668, -28592, -29495, 6785, 1724
1388, 3828, -29468, -30511, 6130, 1592, 3612, -1888, 11856, -6100, 1594, -5587, -1728, 204, -7632, -7092, 3195, -4761, -880, 1672, -5896, -7213, 2757, -4165, -612, 1472, -7840, -7635, 2560, -3834, -1416, 1028, -7768, -8200, 2402, -3408, -1420, 1160, -8740, -8632, 2206, -3066, -1656, 1508, -10364, -9164, 2064, -2733, -1688, 1724, -11228, -9778, 1998, -2447, -1700, 2144, -13104, -10514, 1907, -2121
-1932, 2288, -14948, -11416, 1711, -1748, 16032, -21612, 19032, -32512, -22635, 7253, 16836, -21880, 21680, -32512, -22161, 5802, 15924, -22548, 23384, -32512, -21673, 4592, 20420, -26780, 17024, -32512, -20045, 2918, 8252, -19844, 27924, -32512, -20954, 3075, 11288, -21120, 29916, -32512, -21253, 3000, 12692, -21720, 30164, -32512, -20934, 2391, 14400, -24168, 31748, -32512, -20942, 1474, 14920, -27956, 32767, -32512, -20758, 295
14868, -29692, 32767, -32512, -20436, -838, 5956, 220, 80, 792, 3790, -5171, 2348, 3300, -21448, -1174, 6058, -4847, 2300, 4992, -20080, -2545, 6090, -4716, 1848, 5472, -22780, -4254, 5940, -4675, 928, 5488, -22784, -6044, 6025, -4598, 552, 5884, -24124, -7645, 5883, -4808, -88, 6284, -25656, -9289, 5723, -4950, -304, 6476, -26452, -10970, 5543, -4910, -732, 6636, -28180, -12565, 5341, -4823
-896, 6420, -29872, -14219, 5043, -4741, 600, -1736, 992, -6918, 2591, -3767, -1388, -224, -19868, -8986, 4348, -3428, -916, -748, -10204, -9927, 3992, -3110, -108, -1372, -13224, -11012, 4026, -3123, -1296, -2432, -13936, -12223, 3913, -3061, -2104, -3000, -14520, -13157, 3473, -3096, -2500, -3088, -15808, -14090, 3063, -3051, -3132, -2984, -17176, -14915, 2682, -2923, -3768, -2984, -18688, -15789, 2125, -2780
-4496, -3108, -20428, -16598, 1452, -2599, 30896, -31052, 32767, -32512, -17529, 4340, 29652, -31052, 32767, -32512, -16039, 1494, 27464, -31204, 32767, -32512, -15072, -536, 25200, -31596, 32767, -32512, -14462, -2232, 22892, -32056, 32767, -32512, -13964, -3750, 21180, -32648, 32767, -32512, -13674, -4998, 18192, -32512, 32767, -32512, -13510, -5969, 22152, -32512, 32767, -32512, -11701, -7454, 10772, -32512, 32767, -32512, -13290, -7351
10648, -32512, 32767, -32326, -13162, -6812, 1388, -3172, 296, -1297, -3871, -3507, -696, -1992, -8044, -3351, -1656, -2963, 496, -936, -10844, -4367, -1604, -2653, 656, -1100, -11988, -5376, -1092, -2467, -256, -1360, -12704, -7090, -567, -2247, -608, -1484, -13328, -8421, -167, -2043, -952, -1164, -14564, -9880, 256, -1729, -1384, -864, -16072, -11272, 706, -1431, -1508, -716, -17576, -12681, 1075, -1083
-1780, -892, -18708, -13980, 1328, -826, 20576, -31000, 32767, -32512, -17422, 9891, 20820, -30352, 32767, -32512, -16357, 8687, 21300, -29712, 32767, -32512, -15430, 7658, 23160, -30764, 32767, -32512, -13779, 6042, 10876, -27880, 32767, -32512, -14509, 5910, 13988, -26640, 32767, -32512, -15841, 6150, 17272, -28976, 32767, -32512, -16007, 5160, 18460, -32512, 32767, -32512, -16213, 3857, 19600, -32512, 32767, -32512, -16370, 2294
20800, -32512, 32767, -32512, -16209, 621, 4988, -348, 11960, 1156, -814, -5518, 1224, 2456, -8840, -489, 1475, -4995, 2904, 2384, -1480, -1144, 1388, -4915, 3568, 2252, -3860, -2154, 1818, -4950, 2992, 1432, -3640, -3258, 2375, -4867, 2632, 1264, -4056, -4219, 2692, -4829, 2296, 1328, -4640, -5196, 3066, -4742, 1984, 1476, -5848, -6208, 3570, -4611, 1900, 1532, -6640, -7178, 3997, -4463
1592, 1612, -7792, -8302, 4318, -4171, 12140, -29800, 13572, -32512, -24276, 12244, 13500, -30916, 15880, -32512, -23286, 12009, 14808, -31732, 17800, -32512, -22246, 11656, 16176, -32324, 20716, -32512, -21230, 11062, 17836, -32496, 23768, -32512, -20193, 10242, 18892, -32752, 26512, -32512, -19271, 9332, 19860, -32512, 29424, -32512, -18564, 8410, 19716, -32512, 32460, -32512, -18094, 7375, 20176, -32512, 32767, -32512, -17574, 6330
22152, -32512, 31476, -32512, -16998, 5233, 904, -1884, 10904, -1007, 1814, -3826, -3432, 88, -11068, -2496, 3473, -2985, -236, 436, -536, -2890, 2838, -2734, 204, -84, -2812, -3531, 2564, -2602, -272, -736, -2072, -4181, 2525, -2371, -572, -944, -1796, -4506, 2264, -2206, -708, -672, -2536, -4803, 2082, -2073, -604, -484, -3780, -5103, 2070, -1824, -664, -416, -5108, -5482, 2107, -1534
-656, -316, -5868, -5835, 2134, -1269, 1512, -3972, 13180, 1040, 2217, -3124, -4704, -1660, -8720, -171, 4197, -1956, -2368, -1228, -6432, -816, 3694, -1359, -2108, -1816, -9428, -1882, 3600, -853, -2856, -2504, -10228, -3040, 3513, -366, -3396, -2256, -12208, -4180, 3113, 7, -3552, -1840, -14400, -5464, 2803, 374, -3552, -1200, -16756, -6806, 2546, 749, -3628, -820, -17968, -8229, 2282, 1197
-3848, -380, -19756, -9661, 1928, 1513, -812, -108, -3004, -3111, 3079, -2647, -2448, 380, -9512, -4727, 4482, -1814, -816, 2088, -11684, -5543, 3683, -1479, -528, 2112, -13416, -6675, 3148, -1320, -916, 1672, -13296, -7738, 2736, -1274, -1400, 1692, -14256, -8773, 2107, -1343, -1476, 2152, -15656, -9853, 1357, -1423, -1528, 2516, -17012, -10904, 711, -1466, -1720, 2748, -18132, -11960, 1, -1432
-1936, 2700, -18908, -12976, -718, -1511, -324, -1132, -352, -2522, 6442, -4726, -4456, -564, -7076, -4016, 7577, -4052, -1876, 968, -8740, -4585, 6601, -3372, -1432, 744, -9916, -5383, 6153, -3213, -1844, 204, -9236, -6258, 5834, -3001, -2252, -116, -8820, -6966, 5435, -2826, -2312, 372, -9384, -7621, 5187, -2568, -2256, 564, -10320, -8317, 5099, -2222, -2368, 760, -11280, -9018, 5166, -1922
-2580, 476, -11880, -9718, 5198, -1593, 2788, -2836, 8288, -7079, 6950, -2454, -600, -1052, -13004, -8719, 9071, -1993, 960, -1564, -6856, -9384, 8818, -1907, 484, -1832, -10248, -10256, 8865, -1642, -696, -1808, -10976, -11267, 8935, -1342, -1252, -1128, -12532, -12113, 8611, -1129, -1636, -144, -14348, -12969, 8221, -898, -1796, 612, -16552, -13853, 7871, -616, -1880, 1180, -17736, -14796, 7405, -424
-2252, 1644, -19800, -15762, 6734, -351, 608, 1100, 6408, -2054, -291, -6485, 20, 2648, -9624, -2937, 784, -6015, 2308, 2076, -1056, -3115, 470, -5927, 2372, 1744, -3108, -3512, 445, -5851, 1424, 1728, -3556, -4064, 529, -5612, 1000, 2060, -3944, -4561, 430, -5309, 972, 2424, -4784, -5127, 435, -5010, 872, 3020, -5828, -5694, 598, -4695, 652, 3472, -6944, -6347, 748, -4334
544, 3660, -8412, -6975, 964, -3932, 1164, -456, 4480, 997, 2939, -704, -260, -708, -3308, -1226, 5727, 116, 1424, 1196, -5932, -2267, 5597, 456, 1560, 868, -7272, -3622, 6022, 707, 996, 600, -7048, -5099, 6396, 1079, 500, 104, -6900, -6230, 6536, 1303, 508, 252, -7520, -7283, 6654, 1504, 380, 560, -8572, -8266, 6860, 1674, 280, 980, -9908, -9245, 7038, 1879
-48, 1360, -11104, -10201, 7157, 2060, -1512, -3532, -6248, -9205, 3981, 1223, -9196, -1384, -27524, -10931, 4936, 2529, -5500, -856, -20676, -11435, 3882, 3287, -5092, -892, -24060, -12107, 3160, 3563, -5652, -1016, -25244, -12902, 2389, 3989, -5380, -676, -27048, -13593, 1488, 4345, -4836, 308, -29440, -14403, 678, 4673, -3840, 1056, -31672, -15416, -90, 5029, -2816, 1788, -32512, -16651, -787, 5395
-2568, 1956, -32512, -18101, -1384, 5718, 4000, -648, 11456, 4126, 2380, -5615, -116, 1580, -9640, 2726, 4445, -4718, 2244, 1516, -776, 2073, 4269, -4334, 2036, 1364, -3452, 1090, 4209, -3921, 1728, 1112, -3764, 61, 4232, -3524, 1192, 1036, -4236, -841, 3999, -3303, 676, 1236, -5272, -1645, 3689, -3097, 544, 1392, -6580, -2325, 3460, -2763, 532, 1636, -7960, -3007, 3211, -2513
460, 1780, -8768, -3657, 2893, -2308, -2192, -2752, -20216, -10456, 5569, -1559, -5900, -1784, -27624, -12654, 6341, -864, -2748, 288, -28860, -14040, 5154, 49, -2076, 364, -30028, -15523, 4538, 367, -2192, 380, -29632, -17092, 3836, 790, -2064, 788, -29332, -18403, 3079, 1080, -1404, 1564, -29476, -19626, 2541, 1336, -620, 2268, -29916, -20808, 2077, 1523, 68, 2956, -29984, -21958, 1595, 1706
580, 3280, -30144, -23007, 1118, 1810, 1472, -1344, 7780, -3955, 8092, -2519, -2032, 2092, -15856, -5674, 10224, -1514, 964, 1684, -4632, -6232, 9840, -1254, 1856, 1740, -7812, -7140, 9805, -1064, 1604, 1684, -7796, -8162, 9877, -941, 1848, 2204, -8484, -8916, 9733, -1014, 2032, 2936, -9604, -9803, 9650, -1185, 2228, 3912, -11296, -10615, 9592, -1245, 2552, 4740, -12936, -11434, 9491, -1395
2564, 5088, -13828, -12361, 9241, -1670, 2924, -344, 15152, -1770, 7010, -3507, 372, 2932, -7536, -3443, 9299, -2868, 1524, 1852, -1892, -3799, 8743, -2794, 1588, 1048, -4296, -4279, 8574, -2716, 816, -136, -3852, -4800, 8444, -2405, 408, -668, -4400, -5083, 7952, -2197, 204, -816, -5280, -5304, 7444, -2024, 232, -788, -6692, -5476, 7052, -1690, 208, -612, -7396, -5662, 6542, -1389
40, -344, -8512, -5886, 5912, -1181, 2756, -1284, 3780, -6025, 4281, 1695, -2636, 1856, -16600, -8043, 6191, 2003, 92, 2608, -10080, -8894, 6219, 2071, 972, 2500, -11976, -9883, 6539, 1781, -24, 2052, -11228, -10873, 6795, 1521, -600, 2404, -11444, -11635, 6911, 1170, -1104, 2732, -12000, -12285, 6963, 846, -1352, 3048, -13100, -12773, 6993, 628, -1504, 3176, -13584, -13197, 6919, 547
-1792, 3296, -15008, -13487, 6678, 431, 3548, -2092, 10940, 6615, 5188, 469, -2024, 592, -9720, 5465, 7128, 1459, 844, 1304, -6308, 4919, 7048, 1842, 1340, 1236, -8700, 4117, 7306, 2085, 228, 892, -8908, 3180, 7504, 2363, 256, 1084, -9732, 2259, 7550, 2631, 140, 1584, -10840, 1286, 7701, 2850, 168, 1948, -12168, 358, 7987, 3129, 252, 2288, -12960, -611, 8204, 3334
320, 2364, -14356, -1574, 8429, 3518, 2396, -5432, 7056, 5658, 3065, -1315, -1776, -2012, -12996, 3799, 4558, -368, -1120, -688, -11088, 2909, 3895, 360, -388, -476, -13336, 1813, 3392, 658, -768, -772, -13376, 665, 3033, 962, -1364, -256, -13704, -184, 2481, 1080, -1836, -188, -14696, -1050, 1942, 1204, -1808, 24, -15476, -1882, 1572, 1430, -1500, 492, -17032, -2797, 1227, 1647
-1528, 864, -18224, -3714, 903, 1788, -444, -3576, -3624, 3052, -1469, -1026, -5576, 324, -28408, 791, 446, 5, -1932, -352, -16668, -358, -216, 390, -1140, -468, -19776, -1691, -334, 625, -1812, -1100, -19676, -3224, -466, 904, -2180, -992, -20252, -4586, -715, 1154, -2184, -716, -20988, -6044, -831, 1373, -1732, -488, -22204, -7407, -761, 1650, -1324, -4, -23636, -8839, -722, 1921
-1180, 144, -24380, -10259, -698, 2172, -796, -4920, -1476, -14141, -963, -3007, -5712, -1252, -25128, -16136, 1289, -1559, -2488, -1904, -19040, -16936, 953, -818, -2676, -2312, -21608, -18143, 810, -118, -3504, -2728, -21376, -19408, 758, 644, -3328, -2516, -21684, -20395, 466, 1368, -3404, -1836, -23936, -22770, -221, 3192, -2748, -1768, -24876, -23911, -629, 4088, -1872, -1804, -26096, -25022, -989, 4840
-1036, -1864, -26868, -26207, -1355, 5475, 2336, -2924, 1188, -13552, -759, -1732, -7196, -1212, -20376, -15616, 972, -615, -2936, -688, -13940, -16906, 400, -79, -2116, -1532, -15724, -18310, 341, 117, -3212, -2544, -15252, -19628, 66, 441, -3468, -2812, -15544, -20672, -367, 848, -3572, -2716, -15936, -21651, -735, 1279, -3688, -2516, -16808, -22646, -1188, 1748, -3892, -2376, -17056, -23453, -1802, 2170
-3844, -2336, -17460, -24328, -2550, 2710, 4388, -3252, 11676, -5230, -187, -4654, -2772, -264, -8956, -6958, 1480, -3731, -1416, 1304, -8656, -7781, 867, -3281, -1196, 996, -10328, -8838, 483, -2972, -1940, 176, -9572, -9846, 311, -2633, -1960, 56, -9584, -10589, 0, -2317, -1952, 388, -10088, -11380, -253, -1870, -2012, 584, -11140, -12100, -290, -1431, -1408, 812, -12208, -12859, -334, -958
-968, 632, -13264, -13679, -411, -256, 1044, -2276, 5876, -79, 3194, -2174, -4036, -296, -12732, -1964, 4834, -1172, -1584, 364, -9248, -2856, 4562, -720, -1452, -132, -11060, -3834, 4635, -535, -2196, -564, -10500, -4920, 4632, -168, -2364, -240, -10656, -5733, 4526, 81, -2348, 76, -11252, -6550, 4513, 322, -2384, 464, -11604, -7315, 4491, 596, -2128, 1124, -12472, -8044, 4466, 859
-1980, 1668, -13216, -8756, 4387, 1153, -1652, -760, -15716, -9192, -1133, -2839, -1492, -344, -22720, -11873, 121, -2055, -952, 1392, -24204, -13514, -693, -1707, -692, 2068, -25756, -15231, -1195, -1445, -852, 1876, -25168, -17078, -1622, -1157, -808, 2340, -24416, -18765, -2227, -1038, -224, 3172, -24040, -20217, -2729, -1051, 356, 3704, -23780, -21480, -3113, -973, 1180, 4476, -23420, -22621, -3350, -905
1888, 4720, -23360, -23589, -3512, -977, -2032, -1276, -7192, -10715, 2615, 3011, -5240, 828, -29620, -12772, 4297, 3746, -1796, 1312, -18384, -13884, 4059, 4214, -348, 1156, -21632, -15214, 4244, 4356, -232, 1212, -21816, -16787, 4398, 4561, -104, 1536, -22428, -18222, 4499, 4600, 292, 2380, -23704, -19707, 4683, 4595, 704, 3244, -24880, -21219, 4904, 4570, 1168, 3892, -25812, -22766, 5093, 4539
1188, 4068, -26368, -24199, 5199, 4468, 5296, -1068, 7216, -3064, 525, -1474, -1668, -40, -11388, -5166, 2052, -934, 2244, 500, -6632, -5995, 1970, -753, 3124, -88, -8280, -7145, 2397, -836, 2180, -1052, -7692, -8310, 2709, -900, 1952, -1108, -7708, -9294, 3036, -970, 1584, -988, -7984, -10298, 3432, -996, 1380, -616, -8464, -11227, 3924, -860, 1200, -316, -8736, -12102, 4368, -721
952, -140, -9184, -12995, 4771, -589, 4384, -4628, 13864, -788, 1392, -6977, -132, -3344, -5528, -2117, 2891, -6709, 692, -1916, -4752, -2527, 2196, -6511, 884, -2436, -6020, -3116, 1959, -6372, -120, -3260, -5276, -3793, 1789, -6094, -208, -3428, -5128, -4312, 1502, -5946, -324, -3388, -5020, -4801, 1272, -5693, -780, -3292, -5248, -5176, 1210, -5371, -924, -3060, -5588, -5572, 1216, -4953
-1164, -3028, -6072, -5902, 1123, -4469, 2792, -4848, 20, -5383, -1375, -2794, -2596, -2844, -20620, -7769, 273, -2134, -368, -1884, -17944, -8856, -305, -2086, -4, -2160, -19484, -10159, -336, -2089, -584, -2820, -18500, -11412, -228, -1935, -304, -2372, -18576, -12430, -310, -1809, -404, -1880, -18864, -13434, -334, -1673, -428, -1716, -19156, -14217, -235, -1409, -180, -1152, -19976, -15131, -198, -1070
-320, -864, -20572, -16048, -245, -790, 4136, -3692, 12444, -2782, -1451, -3545, -1296, -1972, -6812, -4465, 486, -3061, 508, -4, -7116, -5307, 226, -2917, 880, -304, -8748, -6497, 321, -2921, 248, -1032, -8360, -7735, 565, -2920, 208, -768, -8316, -8725, 511, -2985, 208, -580, -8748, -9855, 519, -3149, 64, -520, -9280, -10796, 610, -3162, 140, -268, -10320, -11737, 632, -3122
-92, -320, -10936, -12615, 583, -2816, 1296, -1492, 3520, 6162, -1004, -2379, -4012, 1224, -19104, 3999, 681, -1442, -860, 1204, -11764, 3068, 49, -1054, -420, 792, -14276, 1726, -130, -866, -1292, 88, -14428, 438, -265, -566, -1584, 112, -15148, -725, -604, -343, -1672, 552, -16320, -1902, -804, -158, -1656, 1176, -17596, -3122, -902, 111, -1484, 1656, -18224, -4322, -960, 417
-1508, 1808, -18576, -5561, -974, 650, 720, 904, -4224, -4741, -2232, -5437, -4444, 3876, -26848, -7174, -97, -4748, -440, 3228, -14296, -8494, -634, -4778, -356, 2816, -16576, -9871, -561, -4810, -1000, 2064, -15628, -11312, -439, -4699, -1340, 1844, -15368, -12490, -569, -4692, -1660, 2088, -15560, -13651, -640, -4522, -1408, 2124, -16168, -14675, -625, -4255, -1240, 2056, -16556, -15562, -530, -3906
-1304, 2068, -16876, -16455, -537, -3595, 648, -1200, -6824, 4104, 6612, -1928, -1288, -212, -14992, 1331, 8775, -1260, -772, 1276, -16096, -14, 8360, -1006, -868, 880, -19276, -1639, 8345, -774, -1780, 508, -18872, -3183, 8346, -574, -2592, 436, -18928, -4421, 8028, -500, -3012, 912, -19448, -5648, 7728, -311, -3524, 968, -20196, -6678, 7431, -22, -3760, 1296, -20760, -7471, 7061, 303
-4088, 1340, -21312, -8211, 6567, 599, 1428, -868, 2156, -3354, 3087, -3560, -1052, 1084, -19400, -5087, 5028, -3108, 68, 1488, -10868, -6111, 4537, -2699, 324, 1204, -13520, -7243, 4422, -2577, -384, 756, -13416, -8458, 4326, -2379, -844, 784, -13860, -9479, 4019, -2350, -1196, 1172, -14592, -10462, 3665, -2196, -1420, 1364, -16008, -11379, 3361, -2063, -1524, 1548, -17036, -12258, 3033, -1853
-1724, 1460, -17668, -13078, 2573, -1627, 1936, 364, -1852, 367, 9010, -2552, 132, 1276, -8672, -1647, 11005, -2032, 2028, 2768, -11252, -2554, 10677, -2069, 1944, 2496, -12248, -3726, 10709, -2254, 624, 2124, -12176, -4949, 10582, -2186, -96, 1704, -12056, -5983, 10143, -2273, -472, 1976, -12500, -6817, 9735, -2319, -808, 2092, -13176, -7513, 9357, -2219, -1204, 2140, -13768, -8132, 8826, -2116
-1640, 1980, -14048, -8647, 8167, -1792, 2204, -3704, 9392, 18227, 8570, -3643, 1272, -3024, 2324, 16729, 10776, -3038, 2124, -1564, 1492, 16121, 10598, -2665, 2804, -2120, -1260, 15184, 10847, -2551, 2192, -2584, -1388, 14234, 11189, -2293, 1764, -3128, -1932, 13358, 11376, -2177, 1936, -3200, -3236, 12575, 11610, -1972, 2060, -3152, -4796, 11568, 11973, -1782, 2052, -3080, -6092, 10525, 12305, -1582
1876, -2900, -7444, 9530, 12663, -1356, 3464, -140, 12220, 3008, 567, -5339, -2780, -384, -5580, 2060, 1855, -4877, 756, 368, -2540, 2149, 1541, -4719, 536, -140, -3988, 2108, 1704, -4757, -604, -852, -3820, 1891, 1862, -4513, -284, -848, -3988, 1751, 1987, -4273, -392, -736, -4008, 1638, 2064, -3989, -980, -468, -4672, 1426, 2211, -3518, -1152, 32, -5628, 1098, 2377, -3074
-1264, 308, -6508, 690, 2433, -2664, 4916, 1660, 12512, 5231, 7759, -5747, -1840, 3828, -7408, 3827, 9256, -5838, 204, 4492, -1324, 3276, 8472, -5560, 1648, 4296, -2924, 2705, 8157, -5756, 936, 3340, -2344, 2100, 7819, -5845, 864, 2872, -2068, 1673, 7400, -6065, 688, 2712, -2460, 1325, 7060, -6260, 760, 2724, -3212, 1129, 6839, -6387, 688, 2736, -3452, 938, 6627, -6368
380, 2632, -4180, 708, 6317, -6258, 1420, -3664, 8096, -67, 3438, -1674, -2836, -2032, -11516, -1879, 5444, -930, -2556, -288, -11560, -2642, 4735, -472, -2192, -328, -14112, -3706, 4652, -164, -3012, -620, -14296, -4962, 4578, 199, -3060, -204, -15160, -6160, 4234, 469, -3044, 52, -15312, -7308, 3709, 613, -3484, 420, -16220, -8585, 3181, 842, -2980, 896, -17264, -9779, 2721, 1094
-2760, 1276, -17844, -10940, 2132, 1338, 5356, -956, 8876, -991, 333, -3715, 1852, 1420, -12404, -2758, 2049, -3761, 2960, 2300, -8740, -3623, 1518, -3924, 3368, 2480, -11068, -4599, 1398, -4131, 2288, 2048, -10884, -5771, 1216, -4360, 2080, 2148, -11164, -6750, 869, -4618, 1600, 2272, -11480, -7634, 477, -4808, 1500, 2248, -12084, -8462, 191, -4934, 1356, 2516, -13216, -9319, -52, -4970
1044, 2468, -14344, -10216, -357, -5075, -240, -4524, 5832, 1059, 5685, -5509, -3036, -1448, -15688, -1015, 7846, -4443, -2224, -876, -13396, -1895, 7552, -3977, -2712, -968, -16304, -3060, 7577, -3555, -4072, -1564, -16456, -4220, 7472, -3039, -4832, -1400, -16820, -4864, 6912, -2467, -5480, -1096, -17936, -6004, 6320, -1947, -5776, -940, -18620, -6792, 5606, -1339, -6284, -744, -19928, -7572, 4623, -612
-6304, -640, -21132, -8298, 3535, 131, 3116, 404, 3332, 11791, 6214, -4652, -640, 2696, -14140, 10452, 7395, -4354, 1164, 3300, -3456, 9792, 6956, -4048, 2212, 3476, -5132, 9140, 6837, -4187, 1604, 3356, -5200, 8254, 6707, -4192, 1272, 2952, -4936, 7531, 6506, -4276, 1144, 2800, -4592, 6871, 6419, -4358, 788, 2796, -5128, 6336, 6484, -4423, 564, 2864, -5652, 5748, 6625, -4356
612, 2900, -6000, 5270, 6751, -4200, 1164, 520, 8968, 6858, 4565, -3512, 344, 3848, -13568, 4954, 6488, -3275, -1460, 2768, -3104, 4470, 5592, -2838, 2024, 2844, -5248, 3753, 5790, -2870, 648, 2308, -5344, 2900, 5724, -2915, 84, 1740, -5528, 2181, 5522, -2867, 288, 1692, -5768, 1484, 5501, -2819, 156, 1940, -6548, 746, 5616, -2705, -24, 1868, -7308, 40, 5631, -2563
-296, 1876, -7996, -632, 5645, -2419, -832, -428, -7220, -3205, 1694, 334, -1404, -24, -14632, -5736, 3651, 928, -20, 976, -16780, -7067, 3390, 922, -60, 968, -18196, -8596, 3546, 711, -1240, 1156, -19124, -10407, 3621, 769, -1856, 1464, -19452, -11925, 3434, 711, -1700, 2112, -20116, -13493, 3242, 651, -1916, 2748, -21220, -14790, 3141, 605, -1636, 3168, -22696, -16232, 3050, 591
-1640, 3508, -23556, -17677, 2912, 595, 2436, -1380, 6912, -7572, -426, -2733, -1520, 4, -12292, -9659, 1558, -2036, -492, 1380, -12448, -10561, 838, -1895, -760, 1160, -13900, -11681, 806, -1724, -1428, 496, -13092, -12883, 648, -1473, -1584, 448, -12868, -13758, 184, -1324, -1752, 700, -12936, -14637, -187, -1204, -2040, 908, -13600, -15367, -413, -974, -2140, 1292, -14480, -16071, -706, -678
-2080, 1416, -15204, -16718, -1031, -417, 1648, -1156, 3512, 1723, 6355, -1124, -3652, 1772, -18340, 57, 8297, -383, 240, 2708, -9848, -679, 8005, -41, 1044, 2904, -12236, -1753, 8221, -45, 440, 2724, -11964, -2990, 8384, 90, 376, 3192, -12020, -4030, 8407, 42, 92, 3672, -12388, -4960, 8477, -94, -28, 4036, -13176, -5786, 8556, -212, -56, 4140, -13456, -6505, 8522, -255
-168, 4340, -14228, -7270, 8342, -403, 476, -1268, 6420, -2328, 3776, -2764, -1088, 1952, -15272, -3730, 5632, -2142, 292, 1700, -5772, -4191, 5333, -1942, 532, 1596, -7700, -4784, 5275, -1699, -520, 1500, -7424, -5543, 5198, -1376, -616, 1516, -7064, -6059, 4984, -1188, -736, 1724, -6940, -6558, 4725, -1128, -1048, 1856, -7308, -6955, 4444, -985, -1088, 2076, -7856, -7292, 4227, -795
-1192, 2228, -8092, -7587, 4004, -617, -2460, 2292, -13768, -9411, 6983, -3587, -5164, 2336, -20232, -11147, 7510, -2740, -2956, 3656, -21588, -11745, 6533, -2165, -2676, 3392, -22320, -12470, 6057, -1916, -3548, 3248, -23216, -13410, 5459, -1500, -3772, 3120, -23536, -14101, 4887, -1147, -3924, 3276, -23644, -14764, 4423, -559, -2300, 3708, -24564, -15414, 3960, -259, -1976, 4056, -24924, -16040, 3261, -56
-1884, 4648, -25884, -16708, 2675, 313, 2120, 2472, 3676, 2293, 2363, -1666, -1900, 5284, -17900, 455, 4083, -1328, 1284, 5020, -5488, -256, 3858, -1339, 1784, 4744, -6732, -909, 4079, -1432, 628, 4724, -6436, -1693, 4324, -1389, 120, 4696, -6416, -2403, 4364, -1438, 28, 4856, -6724, -3121, 4488, -1518, -1012, 5004, -7204, -3734, 4770, -1351, 0, 5204, -8080, -4299, 5019, -1205
192, 5040, -8452, -4921, 5033, -1301, 4076, 192, 6256, 2564, 1649, -1578, -5312, 1656, -14400, 769, 2647, -644, -1624, 3172, -10596, 170, 1974, -120, -648, 2792, -11796, -493, 1871, -167, -1352, 2336, -12532, -1404, 1676, -131, -1476, 2664, -13632, -2371, 1383, -174, -1492, 3140, -14580, -3349, 1200, -197, -1332, 3256, -15120, -4374, 1023, -247, -1048, 3696, -15840, -5428, 743, -228
-768, 3904, -16576, -6491, 449, -196, 4008, 8, 8328, -5437, 550, -2912, -1068, 2056, -10560, -7165, 2006, -2762, 196, 3732, -8744, -7909, 1616, -2764, 900, 3468, -9020, -8718, 1757, -3024, 256, 2748, -8468, -9554, 1859, -3206, 64, 2716, -8392, -10227, 1872, -3371, -48, 2784, -8740, -10996, 1976, -3608, -224, 2632, -9268, -11638, 2145, -3806, -384, 2836, -9652, -12277, 2190, -3909
-760, 2716, -9944, -12916, 2125, -3924, 2952, 304, 10240, -1448, 3422, -5940, -3540, 1712, -9668, -3186, 4517, -5578, -1856, 2552, -7312, -3773, 3506, -5371, -1952, 2136, -8576, -4361, 3310, -5347, -3480, 1124, -8860, -5007, 3195, -5029, -3692, 920, -9036, -5457, 2889, -4745, -3828, 628, -9332, -5868, 2371, -4410, -4172, 352, -9660, -6148, 1958, -4026, -4600, 608, -10472, -6438, 1577, -3527
-4664, 760, -11540, -6803, 1092, -2941, 2228, -1392, 5372, -3778, 1384, -6641, -2064, 552, -13536, -5397, 2609, -6087, -852, 2132, -12280, -5816, 1760, -5827, -1212, 1940, -13164, -6304, 1322, -5592, -1960, 1420, -13340, -6914, 772, -5312, -2264, 1464, -13704, -7447, -80, -5022, -2292, 1436, -13888, -7939, -867, -4824, -2448, 1208, -14384, -8323, -1668, -4631, -2588, 1464, -15120, -8726, -2533, -4376
-2784, 1648, -15816, -9181, -3453, -4004, 1660, 688, -3668, -4745, 7901, -2018, -2400, 1224, -10964, -6884, 9433, -1641, -1108, 2524, -10748, -7669, 8429, -1268, 168, 1864, -12340, -8392, 8421, -1357, -600, 1528, -12576, -9160, 8101, -1372, -1068, 1380, -13000, -9748, 7483, -1528, -1152, 1792, -13568, -10340, 6935, -1615, -1164, 2236, -14820, -10948, 6458, -1527, -1304, 2792, -15556, -11567, 5846, -1434
-1432, 2884, -16152, -12186, 5126, -1337, -1248, 232, 2376, 2858, 4690, -5192, -3728, 1516, -6360, 1151, 5975, -4354, -3192, 2576, -6820, 726, 5265, -3696, -2208, 2412, -8460, 152, 5113, -3299, -3164, 2572, -8488, -534, 4817, -2886, -3800, 2588, -8640, -1017, 4393, -2469, -3740, 2788, -9136, -1491, 4124, -2022, -3812, 3224, -9924, -1909, 3880, -1653, -3548, 3664, -10756, -2417, 3587, -1307
-3472, 4004, -11544, -2968, 3247, -934, 5272, 276, 9904, -1042, 50, 2150, 668, 3672, -14400, -3191, 2241, 2275, 3456, 3440, -5700, -4136, 1830, 1999, 4016, 2752, -6568, -5028, 2154, 1637, 3612, 2368, -6304, -6055, 2524, 1250, 3036, 2276, -6316, -6901, 2504, 828, 2708, 2248, -6532, -7655, 2522, 464, 2424, 2008, -6924, -8354, 2488, 238, 2320, 1976, -6916, -8881, 2336, 32
1872, 1748, -6952, -9311, 2042, -163, 2756, -304, 1780, -5289, 1936, -733, -4704, 1008, -17684, -7926, 3340, -276, -3136, 2900, -16268, -9332, 2927, 330, -2268, 2284, -16904, -10786, 2988, 587, -3060, 1500, -16732, -12148, 2784, 744, -3416, 1664, -17184, -13355, 2560, 957, -3780, 1796, -17544, -14478, 2297, 1107, -3844, 1888, -17812, -15488, 2039, 1333, -3964, 2112, -18016, -16409, 1650, 1531
-3780, 2392, -18416, -17263, 1192, 1714, 2228, -40, 2768, -3832, 3007, -2161, -1568, 1408, -17492, -5854, 4338, -1735, -800, 1904, -11780, -6706, 3677, -1325, 12, 1588, -12852, -7591, 3663, -1316, -948, 1068, -12988, -8544, 3664, -1138, -752, 1144, -13784, -9381, 3641, -982, -912, 1184, -14404, -10259, 3553, -828, -608, 1440, -15384, -11102, 3486, -668, -584, 1628, -15548, -11969, 3297, -581
-608, 1816, -15948, -12781, 2958, -409, 732, -448, 1136, -6977, -91, -2475, -2820, 2868, -24644, -9058, 1829, -2069, 184, 1692, -9288, -9831, 1241, -2036, 796, 1216, -10984, -10669, 1493, -2084, -152, 1164, -11696, -11687, 1706, -2129, -756, 1212, -12616, -12614, 1707, -2100, -708, 1644, -13960, -13670, 1781, -2019, -1072, 1732, -15316, -14749, 1788, -1971, -1248, 2064, -16304, -15795, 1585, -1875
-1744, 1876, -17332, -16732, 1283, -1771, 4044, 2224, 4780, -4384, 435, -4009, -3032, 2772, -13860, -6151, 1302, -3581, -968, 4156, -13508, -6876, 265, -3475, -1436, 3588, -14632, -7712, -50, -3618, -2784, 3092, -15040, -8674, -434, -3538, -2980, 3092, -15500, -9472, -866, -3412, -3052, 3140, -16416, -10372, -1270, -3141, -3444, 3240, -17488, -11150, -1644, -2816, -3636, 3492, -18100, -11981, -2018, -2505
-3576, 3632, -18880, -12790, -2467, -2124, 3108, 2072, 6992, -135, -685, -1090, -1624, 5340, -16096, -2577, 932, -600, 552, 5476, -9748, -3621, 373, -596, 308, 5068, -10444, -4671, 275, -727, -612, 4632, -10200, -5812, 265, -676, -1220, 4396, -10652, -6813, 86, -694, -1484, 4244, -11300, -7882, -93, -707, -1668, 4280, -11576, -8817, -255, -665, -1752, 4444, -12000, -9819, -514, -488
-1976, 4448, -12300, -10623, -755, -373, 3748, -148, 6596, -9880, 3138, -5556, -1308, 1672, -11820, -11462, 4142, -5295, 96, 2832, -9372, -11937, 3271, -5183, 576, 2552, -9740, -12508, 3078, -5298, -640, 2016, -9360, -13155, 2704, -5232, -928, 2168, -9796, -13731, 2275, -5077, -1000, 2052, -10432, -14363, 1949, -4981, -1060, 2028, -10668, -14898, 1604, -4831, -1300, 1976, -11368, -15458, 1145, -4551
-1620, 1748, -12340, -16000, 625, -4255, 1036, -224, -3920, -3763, -1076, -2818, -408, 512, -11984, -6241, 545, -2308, 476, 1852, -12736, -7293, -58, -2262, 1100, 1620, -14340, -8453, 62, -2353, -132, 1488, -14528, -9681, 12, -2321, -880, 1504, -15260, -10759, -229, -2327, -1140, 1944, -16160, -11904, -405, -2393, -1320, 2236, -17248, -13012, -632, -2369, -1588, 2284, -17908, -14114, -1065, -2281
-2036, 2244, -18608, -15153, -1555, -2326, 2020, 1060, -100, -10204, 1234, -1821, -2212, 4156, -26196, -12616, 2762, -1306, -252, 3440, -13140, -13418, 1611, -1219, 436, 3088, -14068, -14270, 1339, -1348, -412, 2796, -13836, -15087, 1021, -1427, -844, 2528, -13832, -15696, 500, -1486, -688, 2716, -14156, -16343, -26, -1450, -668, 2868, -14428, -16910, -487, -1381, -492, 3072, -14488, -17419, -1062, -1253
-124, 3164, -14884, -17862, -1655, -1191, 1984, -1700, 196, -6451, 2194, -2947, -1456, 1064, -27320, -9072, 4181, -2599, -52, 580, -16796, -10147, 3126, -2481, -880, 424, -18616, -11340, 2642, -2326, -1996, 412, -18524, -12576, 2311, -2067, -2824, 860, -18860, -13567, 1606, -1905, -2840, 1268, -19492, -14607, 898, -1743, -2544, 1548, -20140, -15560, 132, -1551, -2444, 1808, -20240, -16464, -735, -1342
-2324, 1976, -20640, -17261, -1629, -1199, 584, -1104, -1316, -16736, -302, 623, -3852, 1676, -26076, -19153, 837, 1355, -1776, 2524, -20636, -20180, -280, 1599, -1048, 2484, -21632, -21164, -543, 1816, -1460, 2388, -21520, -22306, -768, 2113, -1028, 2760, -21904, -23327, -1124, 2313, -256, 3012, -22392, -24469, -1417, 2474, -88, 3464, -23196, -25526, -1687, 2548, 60, 3644, -23324, -26650, -1975, 2625
140, 3904, -23672, -27754, -2256, 2636, -1012, 1704, -11216, -14223, 3712, 2363, -5480, 4472, -32512, -17106, 4619, 3094, -372, 3068, -23536, -18197, 3376, 2947, 340, 2180, -25228, -19271, 2975, 2685, -220, 1884, -25780, -20496, 2334, 2591, 24, 2212, -26580, -21573, 1482, 2327, 560, 2500, -27420, -22708, 584, 2103, 1036, 3012, -27852, -23657, -216, 1892, 1372, 3408, -28076, -24675, -1251, 1551
1624, 3592, -28056, -25562, -2222, 1221, 2600, 2260, -340, -19238, -4570, -884, 672, 4636, -24276, -21765, -3191, -782, 2228, 4400, -15616, -22738, -4126, -1078, 2524, 4112, -17968, -23766, -4163, -1285, 2012, 3908, -17876, -24945, -4330, -1522, 2172, 4012, -18408, -25936, -4689, -1808, 2596, 4112, -19260, -26954, -5034, -2105, 2828, 4284, -20172, -27912, -5362, -2403, 2844, 4468, -20388, -28873, -5723, -2722
3164, 4492, -21108, -29819, -6231, -3047, 3320, 3564, 25756, -3123, 547, -3929, 256, 4112, 7804, -4537, 2015, -3461, 2828, 4364, 12072, -4552, 1843, -3765, 2488, 3392, 10540, -4645, 2323, -3944, 1700, 2664, 9792, -5001, 2721, -4053, 1288, 2312, 8900, -5161, 3010, -4061, 1056, 2192, 8364, -5375, 3315, -3922, 980, 1884, 7204, -5688, 3611, -3744, 828, 1812, 5924, -6048, 3861, -3546
328, 1848, 4688, -6405, 3910, -3416, 2352, 3040, 16680, -5296, 4443, -3520, -256, 2396, 11056, -6941, 6139, -2909, 3284, 4320, 10928, -7091, 5673, -2816, 2676, 3832, 9976, -7367, 6177, -3294, 2048, 3348, 10148, -7760, 6412, -3318, 1476, 2780, 9604, -7968, 6570, -3344, 1336, 2784, 8964, -8237, 6757, -3393, 1108, 2760, 8052, -8429, 6901, -3380, 716, 2656, 7940, -8528, 6888, -3287
236, 2644, 7364, -8617, 6927, -3239, 968, -10832, -9484, -32512, -18845, 12300, 1916, -12176, -8976, -32512, -19738, 12387, 1504, -12668, -8384, -32512, -20423, 12888, 1596, -12900, -7636, -32512, -20943, 13472, 1884, -12872, -6620, -32512, -21445, 14245, 2420, -13112, -5560, -32512, -21807, 14911, 3360, -13436, -4460, -32512, -22081, 15175, 3240, -13504, -3032, -32512, -22339, 15886, 868, -13672, -4660, -32512, -22517, 16706
-8776, -13752, -4348, -32512, -24991, 19371, 3568, 828, 17744, -9571, 701, -2774, -1232, 3012, -4708, -11254, 2573, -2243, 2348, 2548, 4524, -11441, 2364, -2402, 2408, 1752, 3052, -11719, 3113, -2490, 1664, 1400, 3476, -12033, 3557, -2461, 1292, 1460, 3068, -12144, 3803, -2403, 1196, 2016, 1896, -12414, 4168, -2322, 696, 2568, 468, -12767, 4456, -2268, 584, 2844, -316, -13231, 4698, -2098
156, 3216, -1408, -13834, 4811, -1935, 1412, 2544, 14288, -2372, 3243, -2215, -1228, 3204, 6156, -4489, 5169, -1819, 456, 4916, 6052, -5062, 4391, -1880, 1532, 3976, 4720, -5544, 4179, -2186, 288, 3824, 4376, -6142, 4063, -2363, -236, 3468, 3280, -6575, 3900, -2534, -100, 3580, 2188, -7126, 3816, -2673, -196, 3600, 892, -7723, 3706, -2882, -444, 3876, 48, -8285, 3504, -2999
-1060, 3864, -640, -8855, 3185, -3094, 6284, -940, 19112, -6855, 1919, -2663, -1768, -180, -1496, -8864, 3664, -2131, 828, 1400, 284, -9499, 3331, -2009, 504, 464, -736, -10061, 3643, -1988, -484, -500, -912, -10686, 3786, -1839, -620, -744, -2332, -11175, 3796, -1659, -996, -784, -3536, -11724, 3832, -1554, -1088, -668, -4240, -12392, 3913, -1404, -1608, -472, -5260, -13017, 3796, -1159
-2032, -208, -6804, -13597, 3461, -943, -1172, 112, 588, -9430, -2885, 761, -3156, 628, -7944, -11475, -1620, 1581, -2148, 2012, -9280, -12231, -2233, 1917, -1768, 932, -11048, -13172, -2077, 2160, -2760, 652, -12052, -14282, -2109, 2442, -3012, 292, -13684, -15179, -2505, 2788, -3008, 240, -15324, -16057, -2721, 3251, -2840, 336, -16828, -16947, -2843, 3643, -2844, 548, -17776, -17867, -2987, 4061
-2836, 764, -19220, -18885, -3211, 4372, 4328, 816, 22388, -6283, 1203, -3470, -3132, 2616, 300, -7744, 2292, -2743, 292, 3332, 4316, -7985, 1455, -2622, 104, 1944, 3360, -8158, 1195, -2776, -1056, 976, 3388, -8358, 813, -2780, -1692, 660, 2732, -8352, 317, -2746, -2176, 316, 1484, -8439, -229, -2697, -2416, 424, 356, -8448, -749, -2602, -2516, 308, -120, -8427, -1272, -2475
-3048, 192, -1172, -8378, -1792, -2240, 656, 384, 6648, -10052, 3660, -2729, -1584, 344, -1036, -12152, 5348, -1914, -848, 1920, -2436, -12608, 4791, -1789, -1412, 652, -4088, -13025, 4838, -1743, -3004, 580, -4408, -13518, 4710, -1607, -3948, 336, -4756, -13788, 4380, -1490, -4312, 372, -6396, -14093, 3919, -1202, -4632, 436, -7828, -14398, 3362, -926, -4944, 144, -8976, -14637, 2749, -557
-5196, 12, -10092, -14863, 1990, -284, 1208, 496, 4768, 2671, 1372, -4502, 596, 280, -1808, 487, 3212, -3896, 1736, 1880, -1968, -235, 2719, -4101, 988, 1396, -3580, -1005, 3154, -4070, 456, 1012, -3680, -1908, 3436, -4047, -132, 856, -4564, -2720, 3656, -4051, -284, 1024, -6124, -3610, 3873, -4039, -760, 1116, -7452, -4488, 3946, -3958, -988, 1260, -8864, -5388, 4008, -3795
-1824, 1284, -10220, -6324, 3881, -3689, 2460, 608, 444, -5437, 4181, -4563, -884, 708, -6116, -7193, 5775, -3880, 2872, 2000, -6896, -7849, 5554, -4046, 2020, 1348, -8580, -8646, 6112, -4440, 1452, 916, -8888, -9509, 6450, -4534, 504, 660, -10036, -10260, 6735, -4730, 40, 876, -12028, -11075, 7092, -4781, -704, 1088, -13388, -11929, 7318, -4708, -1280, 1248, -15008, -12728, 7394, -4616
