-4056, 3392, 21116, -13049, 6663, -2547, -21824, -6428, 23912, 75, 5978, 14119, -20264, -9160, 22300, -681, 8254, 14317, -21060, -7332, 19984, -537, 8684, 14862, -21656, -7152, 18960, -665, 9664, 15406, -23316, -7412, 20008, -1090, 10333, 15922, -23692, -7272, 20332, -1371, 10773, 16350, -25276, -6856, 20576, -1738, 11285, 16847, -27188, -6188, 20456, -2139, 11734, 17511, -28040, -5920, 20624, -2430, 12167, 18094
-28760, -5948, 20468, -2623, 12558, 18465, -23064, -11336, 32520, 189, 6436, 9583, -28688, -7296, 5196, -1698, 8479, 10975, -27592, -6876, 15536, -1773, 8240, 12387, -26288, -8072, 14380, -1891, 8417, 12862, -28116, -8788, 14736, -2360, 8306, 13466, -29868, -9256, 14240, -2738, 7982, 14203, -31488, -9628, 13692, -3198, 7521, 14740, -32620, -9808, 13092, -3688, 7021, 15189, -32512, -10576, 12696, -4117, 6532, 15685
-32512, -10860, 12552, -4439, 6120, 16231, -18504, -9168, 32767, 1587, 517, 3410, -28620, -6764, 11488, -520, 2855, 4701, -27528, -5328, 16680, -937, 2789, 5890, -27332, -7340, 16204, -1323, 3322, 6258, -29472, -8612, 16980, -2031, 3717, 6785, -31324, -9296, 16908, -2471, 4065, 7348, -32512, -9512, 16592, -2994, 4717, 7992, -32512, -9556, 16324, -3535, 5479, 8702, -32512, -10248, 16172, -4114, 6278, 9470
-32512, -11172, 15808, -4694, 7080, 10397, -17368, -12016, 32767, 261, 4812, 6993, -27392, -8092, 8324, -1483, 6274, 8610, -26580, -7524, 14324, -1270, 4700, 10079, -26252, -9524, 13720, -929, 3672, 10883, -28704, -11236, 15160, -774, 2406, 11678, -30928, -12032, 15592, -156, 959, 12468, -32512, -12120, 15668, 533, -255, 13323, -32512, -12164, 15528, 1214, -1331, 14144, -32512, -12604, 15768, 1919, -2280, 14996
-32512, -13056, 15856, 2644, -3094, 16075, -21340, -14024, 32767, 3788, -12877, 8000, -28180, -10704, 14128, 2591, -10311, 9682, -28660, -10252, 18412, 2768, -10548, 11186, -29360, -11992, 17348, 2808, -10134, 12158, -31984, -13736, 18392, 2532, -10063, 13271, -32512, -15228, 18280, 2473, -10295, 14486, -32512, -16076, 17920, 2419, -10388, 15658, -32512, -16560, 17680, 2297, -10422, 16930, -32512, -17832, 17244, 2229, -10347, 18374
-32512, -19112, 16472, 2179, -10161, 19902, -27016, -13924, 32767, -614, 7955, 6174, -32512, -11172, 13836, -1974, 10001, 7797, -32512, -11716, 23992, -1636, 9467, 9126, -32512, -13128, 23516, -1361, 9370, 10059, -32512, -14248, 24440, -1346, 8798, 11222, -32512, -15128, 24972, -1109, 8010, 12127, -32512, -15576, 24912, -769, 7211, 13281, -32512, -16312, 24652, -456, 6510, 14581, -32512, -16760, 24720, -73, 5869, 15585
-32512, -18200, 24800, 357, 5221, 16762, -16480, -11488, 32767, 6157, 5435, 3425, -22784, -8292, 18540, 4881, 7883, 4490, -21684, -6692, 21804, 4860, 7785, 5389, -21832, -7660, 21568, 4759, 8295, 5858, -23336, -8140, 23012, 4357, 8760, 6514, -24060, -8448, 23504, 4236, 8970, 7107, -25144, -8376, 24180, 4177, 9328, 7798, -25700, -8280, 24428, 4059, 9921, 8485, -26044, -8416, 24528, 3984, 10604, 9227
-26644, -8872, 24340, 3881, 11383, 9985, -18976, -11688, 32767, -3381, 1236, -1871, -24804, -11384, 14012, -4005, 2952, -716, -25852, -10908, 16488, -3451, 2434, 221, -27968, -12396, 15216, -2879, 2253, 1366, -30680, -13472, 16080, -2596, 1869, 2665, -31816, -13964, 16168, -2098, 1048, 3871, -32512, -14204, 16060, -1517, 148, 5317, -32512, -14752, 15340, -1017, -550, 6710, -32512, -15104, 14748, -616, -1296, 8096
-32512, -16156, 14172, -188, -1908, 9346, -22688, -11188, 32767, 1654, -90, 11134, -28428, -7964, 9056, -243, 2801, 12656, -27612, -8444, 17544, -615, 2620, 13464, -27060, -10392, 16764, -1121, 3280, 14039, -28732, -11416, 17544, -1787, 3758, 14439, -30112, -12340, 17652, -2188, 3938, 15004, -31700, -12636, 17924, -2610, 4222, 15835, -32556, -12716, 17476, -2980, 4617, 16562, -32512, -13076, 17480, -3376, 4994, 17534
-32512, -13096, 17552, -3734, 5261, 18584, -23824, -14768, 32767, 1196, 4287, 5952, -28960, -11792, 14420, -400, 6823, 7993, -29508, -11240, 18676, -833, 6708, 9535, -29720, -12912, 18108, -1366, 7231, 10902, -31620, -14144, 19408, -2125, 7542, 12135, -32512, -14992, 19672, -2538, 7625, 13382, -32512, -15232, 19916, -2943, 7888, 14857, -32512, -15928, 19932, -3343, 8262, 16014, -32512, -16692, 19908, -3638, 8574, 17498
-32512, -17940, 19868, -3841, 8842, 19072, -25740, -9080, 23880, -1317, 6561, 3783, -31952, -8984, 17572, -2607, 8959, 5308, -30904, -7036, 18196, -2739, 8773, 6868, -31488, -8312, 17956, -2883, 9129, 7815, -32392, -8952, 18780, -3237, 9300, 8715, -32512, -10364, 19736, -3321, 9295, 9748, -32512, -10820, 20084, -3366, 9289, 10703, -32512, -11652, 20076, -3366, 9331, 11744, -32512, -12628, 19812, -3346, 9368, 12776
-32512, -13944, 19464, -3245, 9358, 13879, -22896, -12472, 32048, 4306, -3567, -1689, -29380, -9272, 6024, 3023, -1470, 645, -27596, -9648, 18108, 3172, -2032, 2345, -26148, -10960, 17368, 3230, -1743, 3424, -27360, -11668, 18072, 2918, -1581, 4546, -28312, -11992, 18548, 2806, -1554, 5553, -29220, -11820, 18632, 2666, -1253, 6531, -29788, -11472, 18420, 2422, -688, 7530, -30232, -11648, 18452, 2119, -111, 8517
-31192, -12056, 18484, 1738, 632, 9620, -18528, -6104, 31496, 2999, -543, 4100, -23720, -3208, 7380, 1641, 1796, 4974, -23900, -2412, 16844, 1310, 1437, 5935, -22808, -3656, 17044, 1059, 1462, 6377, -23964, -4800, 17972, 626, 1483, 6754, -24932, -5696, 18428, 438, 1248, 7010, -25896, -6052, 18684, 244, 1234, 7297, -26804, -6504, 18436, 78, 1404, 7648, -27556, -7220, 18564, -87, 1528, 8080
-28028, -7944, 18640, -193, 1700, 8470, -12908, -7780, 32767, 188, 585, 460, -22836, -4876, 14160, -1187, 2897, 1835, -20356, -3404, 17024, -1104, 2442, 2917, -20604, -4732, 16716, -1005, 2665, 3538, -22048, -5704, 17764, -1125, 2755, 4285, -22748, -5980, 17568, -1091, 2666, 4844, -23836, -5764, 17660, -1087, 2745, 5613, -24388, -5920, 17312, -1190, 3089, 6282, -25264, -6368, 17056, -1344, 3422, 6968
-26120, -6940, 16764, -1595, 3816, 7562, -16828, -7760, 25608, -1500, 6199, 190, -20708, -6228, 18524, -2825, 8568, 1183, -20660, -4928, 18392, -2875, 8427, 2050, -20656, -6040, 18868, -2795, 8581, 2689, -21800, -6308, 19068, -3009, 8706, 3357, -23356, -6900, 19708, -2909, 8541, 3957, -24328, -7236, 19908, -2757, 8530, 4595, -25412, -7580, 19264, -2724, 8592, 5285, -26364, -8212, 18704, -2751, 8578, 5963
-27392, -9056, 18324, -2733, 8509, 6588, -28476, -11268, 28056, 505, 12285, 8322, -32512, -11652, 21828, -1800, 15723, 10130, -32624, -10496, 22156, -2756, 16078, 11617, -32512, -12996, 22044, -3411, 17196, 12473, -32512, -13808, 22596, -4209, 17997, 13444, -32512, -15504, 23088, -4635, 18458, 14666, -32512, -16272, 22764, -4910, 18940, 15934, -32512, -17244, 21972, -5130, 19346, 17385, -32512, -18772, 21352, -5248, 19467, 19050
-32512, -20240, 20520, -5280, 19344, 20838, -19892, -4860, 23232, -1062, 9784, 4598, -22612, -4284, 16760, -2828, 12148, 5324, -21480, -3004, 17752, -3283, 11296, 5777, -22268, -4148, 17204, -3552, 11004, 5796, -23000, -4624, 17904, -4061, 10538, 5983, -24468, -5868, 18604, -4072, 9616, 5947, -25928, -6356, 18720, -3927, 8737, 6021, -27076, -6744, 18492, -3606, 7908, 6111, -28308, -7800, 18732, -3142, 6872, 6328
-29628, -8992, 18940, -2466, 5730, 6509, -29124, -11136, 24192, 1283, -178, 7675, -32512, -9712, 17540, 879, 722, 9312, -31588, -9004, 17544, 1426, -882, 10443, -32024, -9968, 17556, 2037, -1766, 11080, -32512, -10396, 18176, 2296, -2669, 11858, -32512, -11168, 19324, 2809, -3568, 12575, -32512, -11256, 19332, 3197, -4082, 13491, -32512, -11708, 19528, 3437, -4286, 14381, -32512, -12728, 19668, 3601, -4344, 15168
-32512, -14024, 19952, 3677, -4186, 16071, -13408, -9772, 32767, 427, 1641, -2457, -22644, -6896, 13516, -598, 3548, -962, -20320, -5816, 17124, -421, 2661, 306, -20284, -7504, 16732, -268, 2417, 972, -21884, -8872, 17672, -293, 1995, 1793, -23628, -9296, 17684, -87, 1334, 2611, -24912, -9296, 17352, 130, 835, 3590, -25492, -9240, 17108, 315, 405, 4555, -26388, -9512, 16764, 525, -123, 5491
-27248, -10012, 16272, 725, -685, 6447, -16168, -8996, 32767, 705, -2856, 1075, -24944, -4968, 11488, -673, -238, 2641, -22804, -4180, 16392, -769, -1033, 3661, -22708, -5188, 16128, -899, -805, 4122, -24320, -6020, 17128, -1239, -759, 4689, -26196, -6196, 16984, -1341, -973, 5206, -26888, -6052, 16952, -1424, -1026, 5817, -27868, -6208, 16640, -1524, -953, 6507, -28896, -6548, 16564, -1552, -985, 7165
-30076, -7188, 16500, -1563, -1056, 7926, -25404, -13344, 29632, 963, -165, 6735, -32512, -10644, 3912, -604, 1650, 8458, -31952, -11004, 17560, -730, 302, 9845, -31088, -13184, 17764, -687, -211, 10708, -32500, -14552, 18588, -877, -835, 11653, -32512, -15736, 18836, -752, -1556, 12754, -32512, -16164, 18908, -599, -2020, 13992, -32512, -16744, 18836, -514, -2237, 15193, -32512, -17780, 18904, -408, -2409, 16801
-32512, -18556, 18940, -346, -2564, 18221, -16388, -5840, 32767, -2374, 659, 1548, -24788, -2044, 10000, -3405, 2666, 2527, -23248, -888, 16964, -3321, 1507, 3557, -22732, -2472, 17444, -3058, 1121, 3872, -23792, -3568, 18828, -3001, 793, 4211, -25096, -4376, 19052, -2609, 183, 4482, -26524, -4532, 18976, -2157, -364, 4898, -27024, -4792, 18996, -1802, -705, 5303, -28276, -5788, 18776, -1463, -1156, 5665
-29748, -6952, 18712, -1030, -1636, 6102, -7908, -376, 24284, -914, -2040, 706, -12536, 1240, 17948, -2160, 119, 1237, -9752, 2876, 17772, -2160, -924, 1744, -9708, 2164, 17680, -2278, -1069, 1592, -11036, 1712, 18352, -2514, -1368, 1470, -12096, 1080, 18928, -2522, -1794, 1341, -13288, 1448, 19324, -2434, -2002, 1211, -14480, 1544, 19628, -2333, -2060, 1147, -15732, 1196, 20220, -2089, -2142, 1180
-16860, 684, 20912, -1727, -2196, 1319, -8952, -484, 26852, -888, 3123, 2894, -11312, 660, 18864, -2442, 5437, 3931, -11160, 1716, 20008, -2311, 4679, 4422, -11268, 940, 19504, -2214, 4770, 4814, -12196, 580, 20304, -2436, 4771, 5242, -13332, -164, 21512, -2281, 4440, 5390, -13984, -64, 21676, -2125, 4363, 5616, -14792, 156, 21856, -2062, 4452, 5863, -15552, -52, 22228, -1995, 4588, 6164
-16116, -392, 22792, -1858, 4864, 6508, -7052, -5064, 32767, -218, 4055, 5745, -17592, -2572, 14364, -1794, 6223, 6673, -16036, -272, 16484, -2110, 5067, 7696, -15784, -1752, 16088, -2356, 4622, 8045, -17208, -2888, 17300, -2793, 4106, 8254, -17720, -3240, 17268, -2827, 3460, 8520, -18876, -3156, 17056, -2866, 2929, 8896, -19940, -3316, 16832, -2846, 2531, 9264, -20852, -4140, 16864, -2664, 2037, 9725
-22140, -5000, 17288, -2370, 1503, 10272, 4972, 48, 32767, -3136, 2322, -6001, -2808, 3812, 12740, -4899, 4838, -5805, -1680, 5572, 16864, -4987, 3988, -5579, -1280, 4252, 16532, -4977, 3745, -5696, -2552, 3144, 17852, -5217, 3409, -5777, -3200, 2700, 18412, -5005, 2776, -5885, -4268, 2860, 18996, -4680, 2268, -5812, -4916, 3232, 19360, -4306, 1990, -5726, -5472, 3168, 19472, -3813, 1656, -5617
-6220, 2988, 19732, -3266, 1337, -5431, 5932, 1244, 32767, -1287, 5718, -1761, -5072, 4552, 14684, -3470, 8659, -1370, -2132, 7196, 16480, -3945, 7793, -867, -1104, 6380, 16476, -4407, 8003, -1242, -2192, 5468, 18036, -4960, 8099, -1581, -2604, 5288, 18080, -5167, 7995, -1866, -3372, 5612, 17988, -5399, 8143, -2174, -3772, 5904, 18040, -5579, 8427, -2469, -4404, 5656, 17896, -5676, 8622, -2736
-5196, 5248, 18096, -5796, 8744, -2893, -1708, 3336, 23020, -576, 2999, -2629, -5152, 4652, 16092, -2194, 5790, -1950, -2912, 6004, 18712, -2431, 5328, -1525, -3036, 5084, 18392, -2626, 5581, -1618, -3328, 4972, 18968, -2997, 5688, -1629, -4784, 4928, 19584, -2986, 5672, -1693, -5688, 5676, 19388, -3012, 5900, -1692, -6372, 6468, 19116, -3044, 6199, -1804, -7060, 6676, 19312, -3015, 6445, -1883
-7868, 6840, 19284, -2954, 6654, -1953, 3292, -1316, 32767, -1325, 3725, 138, -5132, 2356, 14680, -3176, 6715, 311, -4828, 4752, 17900, -3492, 6100, 667, -4236, 4068, 17320, -3741, 6260, 756, -5156, 3524, 18736, -4134, 6298, 679, -5624, 3536, 19016, -4197, 6045, 552, -6504, 3792, 18928, -4259, 6001, 511, -7132, 4188, 18612, -4342, 5994, 609, -7524, 3908, 18580, -4358, 5990, 659
-7952, 3536, 18656, -4300, 6022, 664, -13336, -2356, 32767, -2990, 5320, 3403, -22132, 368, 7560, -4896, 7994, 4200, -20804, 84, 17440, -5411, 8064, 4889, -20976, -2536, 17144, -5919, 8659, 4953, -23168, -4372, 18444, -6686, 9097, 5167, -25208, -5980, 18812, -7167, 9479, 5397, -27032, -6936, 19048, -7634, 10100, 5723, -28828, -7872, 19144, -7999, 10927, 6077, -29996, -8584, 19244, -8315, 11775, 6549
-32392, -9888, 19104, -8526, 12505, 7090, -4776, -956, 21216, 729, -1778, 2421, -9724, -208, 14548, -476, 1057, 3184, -7900, 2520, 15676, -829, 778, 4303, -6864, 1604, 15480, -1281, 1097, 4586, -7344, 1172, 16564, -1887, 1312, 4723, -8756, 580, 17236, -2355, 1346, 4844, -10184, 936, 17600, -2816, 1578, 4976, -11148, 1200, 17800, -3319, 2079, 4997, -12120, 1140, 17936, -3728, 2673, 5087
-13196, 808, 18256, -4124, 3342, 5136, -10056, -5288, 32767, -806, 3093, 7377, -19168, -1892, 12300, -2585, 5623, 8406, -16948, -336, 17400, -2684, 5546, 9108, -16932, -1532, 16232, -2915, 6086, 9241, -18580, -2156, 17168, -3366, 6407, 9439, -20076, -2516, 17320, -3603, 6670, 9581, -21628, -2516, 17312, -3842, 7041, 9834, -22252, -2652, 17004, -4097, 7509, 9983, -23576, -3368, 16812, -4296, 7952, 10156
-25080, -4324, 16596, -4433, 8341, 10451, -11528, -8156, 32767, 803, 1873, 4474, -19672, -5092, 14460, -703, 4971, 5434, -18464, -4040, 18732, -946, 5229, 6521, -18496, -6196, 18308, -1175, 5972, 6817, -20348, -7524, 20004, -1590, 6502, 7263, -22464, -8012, 20340, -1729, 6819, 7724, -24452, -8060, 20484, -1900, 7258, 8335, -25152, -8036, 20412, -2010, 7770, 8912, -26408, -8452, 20076, -2102, 8272, 9572
-27800, -9200, 19804, -2155, 8790, 10235, -8980, -4284, 32767, 1391, 2902, 5264, -18344, -1324, 11408, -344, 5383, 6351, -15796, -508, 18688, -423, 5364, 7189, -15448, -2056, 17664, -694, 5716, 7398, -17272, -3244, 18624, -1195, 5830, 7539, -18900, -3728, 18768, -1499, 5884, 7735, -20436, -3740, 18792, -1857, 6014, 7958, -21020, -3840, 18664, -2118, 6214, 8284, -22136, -4412, 18396, -2375, 6515, 8664
-23504, -5160, 18120, -2574, 6764, 9016, 32767, 464, 11952, 6905, -11106, 32767, 32767, 2060, 13556, 6678, -10236, 32767, 32767, 3572, 13668, 6329, -9330, 32767, 32767, 4984, 13840, 5875, -8437, 32767, 32767, 5972, 14236, 5475, -7670, 32767, 32767, 6544, 14260, 5022, -6893, 32767, 32767, 7664, 14708, 4568, -6031, 32767, 32767, 8880, 14768, 4052, -5270, 31753, 32767, 9924, 14268, 3490, -4508, 30407
32767, 10652, 14052, 2802, -3718, 29022, -8768, -2084, 24184, 1265, 796, 2653, -11856, -880, 17612, -729, 3329, 3721, -9608, 280, 17796, -921, 3480, 4012, -9880, -480, 17236, -1228, 3983, 3967, -10744, -700, 17552, -1857, 4357, 4084, -12244, -1300, 18304, -2167, 4377, 4201, -14092, -1252, 18796, -2477, 4343, 4476, -15052, -1492, 19016, -2647, 4359, 4720, -15996, -2004, 19224, -2696, 4345, 5047
-16952, -2904, 19324, -2596, 4367, 5440, -22796, -8936, 27320, 2031, 5683, 7434, -28204, -8520, 20604, 256, 7793, 9052, -26292, -7432, 20352, 247, 7860, 10010, -27140, -8524, 19304, 259, 8303, 10486, -27948, -9020, 19780, -16, 8658, 11055, -29968, -9772, 19668, -102, 8746, 11637, -32512, -11068, 19348, -294, 8343, 13252, -32512, -12160, 18616, -232, 7982, 14123, -32512, -12716, 18404, -143, 7542, 14995
-32512, -14036, 18020, -59, 7034, 15667, -13928, -5684, 26208, 376, 2976, 4905, -20208, -5460, 18652, -1307, 5048, 6076, -19316, -4004, 17664, -1546, 5114, 7035, -18684, -5788, 17312, -1722, 5523, 7358, -19776, -6568, 17928, -2110, 5806, 7708, -21160, -7736, 18100, -2281, 6088, 8019, -23104, -8492, 18000, -2512, 6388, 8479, -24704, -9256, 17604, -2737, 6771, 8943, -26432, -10192, 17472, -2873, 7034, 9433
-27572, -11228, 17436, -2906, 7323, 10029, -23516, -5916, 21772, -1610, 7971, 3758, -30028, -7548, 16468, -3019, 9891, 4750, -29260, -6804, 16616, -3388, 9789, 5440, -30796, -8936, 16500, -3583, 9711, 5815, -32596, -10860, 17540, -3869, 9434, 6256, -32512, -11756, 17428, -3880, 9047, 6781, -32512, -12992, 17084, -3861, 8443, 7686, -32512, -14460, 16628, -3741, 7855, 8760, -32512, -15976, 16680, -3471, 7138, 9976
-32512, -17688, 16428, -3144, 6277, 11194, -5400, -776, 27904, 992, -728, -818, -11404, 968, 3216, -401, 1269, -63, -9312, 1180, 17812, -620, 1372, 567, -8844, -416, 17692, -756, 1778, 733, -9448, -996, 18720, -1038, 2057, 839, -10476, -1632, 18984, -1120, 2467, 934, -11948, -1748, 18792, -1351, 2919, 1199, -13040, -1892, 18968, -1529, 3398, 1545, -14284, -2304, 19292, -1633, 3860, 1951
-15564, -3284, 19328, -1671, 4243, 2327, -4692, 748, 29004, -2581, 2761, -1130, -11920, 3348, 2992, -4266, 4976, -458, -9104, 2640, 19568, -4306, 5061, 31, -8656, 392, 19424, -4205, 5575, -87, -9524, -588, 20712, -4235, 6032, -70, -11236, -1200, 21024, -4000, 6453, 105, -13124, -1380, 20864, -3818, 6970, 439, -14428, -1444, 20956, -3684, 7546, 806, -15728, -2196, 21088, -3475, 8020, 1249
-17240, -2824, 21256, -3213, 8411, 1693, -13648, -8664, 32767, 1091, 7139, 2863, -21792, -4932, 7232, -433, 9576, 4157, -19136, -5612, 20296, -640, 9959, 5099, -19280, -7340, 20468, -743, 10630, 5427, -21068, -7960, 21452, -1234, 11183, 5955, -23216, -8448, 21028, -1605, 11818, 6448, -25324, -9420, 20716, -2085, 12525, 7111, -26964, -10296, 20532, -2635, 13303, 7708, -28700, -11760, 20524, -3095, 14019, 8405
-29508, -12492, 20380, -3352, 14645, 9156, -11600, -7148, 32767, 162, 5003, 2664, -20688, -6280, 17936, -1399, 7291, 3721, -19908, -4748, 19824, -1437, 7175, 4338, -20324, -6244, 19444, -1346, 7570, 4723, -21796, -7424, 20284, -1439, 7800, 5166, -22500, -8124, 20240, -1288, 7939, 5621, -23988, -8916, 19636, -1180, 8144, 6342, -25484, -9752, 18992, -1093, 8316, 7149, -26748, -10636, 18496, -1001, 8378, 8087
-27900, -11552, 17708, -901, 8435, 9050, -4668, -2856, 32767, -355, -1455, 2325, -11572, -20, 14580, -1821, 853, 3043, -9304, 860, 20820, -1736, 1186, 3242, -9156, -200, 21028, -1561, 1891, 3160, -10912, -548, 21888, -1751, 2534, 3334, -12152, -816, 21724, -1727, 3122, 3560, -13388, -768, 21708, -1809, 3772, 3958, -13796, -1140, 21548, -1933, 4341, 4326, -14524, -1668, 21708, -2032, 4819, 4763
-15416, -2264, 21652, -2088, 5292, 5248, -9372, -3344, 32767, -2982, 2628, 2073, -17964, -44, 10712, -4769, 5079, 2942, -15640, 364, 19016, -4941, 4878, 3475, -15728, -1052, 19608, -4937, 5148, 3607, -16756, -1484, 21380, -5092, 5263, 3867, -17848, -2084, 21548, -4999, 5398, 4097, -19192, -2424, 21348, -4919, 5723, 4455, -19952, -2868, 21344, -4901, 6123, 4863, -20364, -3400, 21560, -4794, 6531, 5348
-21420, -4344, 21752, -4597, 6857, 5813, -11348, -4232, 32767, 1497, 1132, 1864, -22560, -2744, 13412, 191, 2468, 2949, -20560, -1556, 18636, 403, 1514, 3620, -21328, -3108, 18608, 784, 915, 3827, -23296, -3784, 19520, 922, 259, 4215, -25484, -4496, 19404, 1226, -209, 4557, -26384, -4780, 19172, 1522, -490, 4960, -27880, -5496, 19032, 1783, -734, 5450, -29508, -6532, 19412, 2072, -1015, 6061
-30976, -7960, 19300, 2429, -1244, 6675, -11708, -5684, 32767, 573, 2579, 1063, -19400, -3800, 15276, -661, 5442, 2090, -19620, -3220, 21024, -671, 5916, 3005, -20664, -4832, 21048, -585, 6643, 3548, -23100, -5700, 22268, -739, 7230, 4154, -25420, -6412, 22320, -711, 7809, 4797, -27440, -7028, 21820, -723, 8458, 5662, -28328, -7352, 21760, -796, 9135, 6435, -30144, -8240, 21768, -877, 9780, 7378
-32144, -9392, 21756, -864, 10197, 8273, 32767, -11088, 11476, 17815, -10223, 32767, 32767, -9476, 11148, 17853, -10051, 32767, 32767, -8056, 10356, 17638, -9832, 32767, 32767, -7144, 10084, 17286, -9540, 32767, 32767, -5660, 9412, 16773, -9265, 32767, 32767, -4344, 9060, 16142, -9024, 32767, 32767, -2936, 8256, 15355, -8746, 32767, 32767, -96, -3728, 13357, -7575, 32767, 32767, -2524, 13084, 13439, -9952, 32767
32767, -2324, 10196, 13211, -10160, 32767, -7416, -1684, 30180, -2776, 1862, -194, -10648, -1336, 23576, -3449, 4240, 442, -10532, 228, 23632, -2758, 4210, 1010, -9916, -1284, 23296, -1967, 4558, 1318, -10892, -1516, 24416, -1449, 5009, 1689, -12412, -2144, 24896, -912, 5342, 1979, -13900, -2344, 25100, -373, 5730, 2367, -15228, -2808, 25540, 4, 6139, 2871, -16752, -3476, 25696, 410, 6530, 3402
-18116, -4084, 25580, 799, 6909, 3904, -4960, -1624, 32767, -628, 4408, 2204, -13012, 1108, 15216, -2240, 7205, 2724, -12636, 2172, 20592, -2285, 7375, 3191, -12556, 792, 20908, -2096, 7770, 3321, -14048, 152, 22000, -2082, 8179, 3404, -15632, -540, 21540, -1878, 8455, 3415, -16428, -760, 21288, -1699, 8776, 3593, -18084, -1328, 20740, -1569, 9126, 3903, -19580, -1928, 20596, -1324, 9321, 4238
-21176, -2812, 19992, -1111, 9433, 4502, -2616, 748, 26820, -281, 116, -3075, -9900, 4484, 1480, -1738, 1589, -2158, -5612, 3568, 17812, -1465, 1008, -1824, -5232, 2556, 17160, -1220, 814, -1801, -6300, 2388, 17580, -1242, 740, -1584, -7260, 2112, 17916, -1037, 636, -1368, -8044, 2268, 18564, -782, 546, -1097, -8756, 2552, 19176, -487, 502, -775, -9464, 2432, 19120, -135, 364, -458
-10280, 2508, 19080, 161, 232, -167, -11988, -7640, 32767, 3194, 365, 10254, -21672, -7320, 24364, 2363, 2512, 11785, -19080, -5912, 22432, 2401, 2602, 12270, -20368, -7460, 21196, 2218, 3030, 12765, -21832, -9036, 21872, 1862, 3351, 13391, -22552, -9392, 21896, 1617, 3324, 13955, -24212, -9820, 21840, 1319, 3235, 14627, -25312, -10184, 21640, 1094, 3160, 15292, -26416, -10584, 21368, 840, 2993, 16034
-27204, -11224, 20804, 631, 2769, 16776, -13992, -6388, 32767, 1338, 3289, 8325, -19476, -3952, 9636, -205, 6050, 9342, -17528, -2612, 20016, -550, 6103, 10054, -17120, -3568, 19808, -947, 6702, 10474, -18680, -4572, 21504, -1507, 7216, 11077, -19760, -5084, 22640, -1680, 7416, 11392, -20824, -5112, 23120, -1929, 7811, 11806, -21900, -4920, 23228, -2132, 8241, 12246, -22784, -5452, 23280, -2284, 8655, 12769
-23120, -5624, 23200, -2326, 9115, 13271, -10112, -5880, 32767, 2074, 3488, 6390, -15884, -4420, 21244, 455, 6039, 7550, -14788, -1968, 21472, 306, 6094, 8236, -14592, -2816, 21148, -7, 6729, 8591, -16560, -4208, 22648, -356, 7317, 9075, -17256, -4488, 22952, -455, 7609, 9488, -18160, -4624, 23036, -613, 8019, 10014, -19432, -4732, 23056, -780, 8467, 10455, -20216, -5064, 22860, -887, 8838, 11036
-21288, -5764, 22716, -1009, 9152, 11575, -4416, -3996, 32767, 1580, -65, 4691, -10224, -1988, 14612, 430, 2307, 5378, -9228, -240, 19756, 450, 1796, 5663, -9384, -1260, 18732, 358, 1887, 5828, -10448, -2092, 20040, 60, 2025, 6067, -11268, -2376, 20796, 55, 1819, 6267, -12028, -2396, 21016, -8, 1791, 6504, -12380, -2284, 21012, -102, 1963, 6665, -13232, -2292, 21452, -123, 2119, 6937
-14004, -2552, 21644, -169, 2318, 7260, -2604, -3164, 32767, -1009, 1601, 1891, -9208, -1188, 18812, -2286, 4041, 2697, -7760, 1772, 19672, -1988, 3583, 3308, -7172, 948, 18656, -1824, 3804, 3560, -8148, -348, 20344, -1801, 3913, 3818, -8508, -680, 20652, -1576, 3896, 4026, -8936, -604, 21248, -1327, 4015, 4289, -9432, -528, 21260, -1175, 4323, 4470, -9736, -752, 21332, -1108, 4621, 4633
-10284, -1020, 21432, -1030, 5013, 4840, -3520, -2840, 32767, 445, 5258, 4174, -8564, -328, 11976, -1087, 7754, 4840, -7720, 944, 19396, -1272, 7120, 5440, -6720, -40, 18412, -1434, 7302, 5609, -7856, -864, 20224, -1767, 7282, 5836, -8900, -1440, 20800, -1752, 7024, 6065, -9864, -1472, 21352, -1670, 6794, 6335, -10788, -1232, 21588, -1504, 6610, 6552, -11108, -1484, 21568, -1315, 6511, 6874
-12048, -1692, 21448, -1016, 6469, 7164, -3348, -112, 27360, -561, -1089, -2942, -7592, 1648, 7028, -1981, 955, -2302, -4948, 1604, 18532, -2017, 924, -2097, -4504, 572, 17788, -2158, 1447, -2045, -5232, 44, 19136, -2502, 1982, -1938, -5868, -80, 19560, -2602, 2481, -1861, -6388, 8, 20044, -2720, 3106, -1680, -7240, 268, 20212, -2831, 3768, -1540, -7704, 144, 20660, -2933, 4515, -1398
-8056, 108, 20768, -3006, 5334, -1220, -13236, -4472, 29824, 2050, 3107, 5222, -16808, -2988, 8296, 789, 5760, 6014, -16520, -2816, 20396, 709, 5779, 6633, -16500, -4256, 19312, 419, 6310, 7155, -18188, -4996, 20136, -96, 6865, 7666, -20032, -5556, 20972, -348, 7063, 8141, -21780, -5516, 21184, -686, 7338, 8681, -23640, -5516, 21100, -1056, 7568, 9235, -25204, -6112, 21192, -1313, 7809, 9912
-26876, -6504, 20752, -1575, 8047, 10453, -6272, 1036, 23700, 756, -1220, 4378, -8252, 448, 20756, -16, 1051, 5063, -7000, 2500, 19780, -77, 1017, 5377, -6900, 1608, 19700, -239, 1476, 5427, -7400, 1216, 20408, -496, 1923, 5457, -8256, 408, 21276, -526, 2255, 5387, -9112, 492, 21960, -552, 2684, 5375, -10068, 648, 22104, -572, 3233, 5458, -10824, 412, 22212, -611, 3832, 5612
-11656, 200, 22124, -579, 4529, 5787, -3160, -2800, 32767, -751, 977, 3172, -8488, -352, 14184, -2107, 3763, 4001, -7524, 1324, 19600, -2011, 3600, 4408, -7160, 464, 18692, -2103, 3855, 4757, -8308, 40, 19844, -2373, 4068, 5102, -9128, -196, 20592, -2350, 4077, 5368, -9772, -28, 20628, -2367, 4192, 5591, -10220, 188, 20452, -2379, 4404, 5815, -10524, -16, 20356, -2389, 4651, 6121
-11028, -348, 20100, -2345, 4850, 6290, 1872, -564, 32767, -780, -2214, -488, -6676, 2344, 13428, -2297, 317, 201, -3196, 4256, 17096, -2409, -205, 465, -2492, 3428, 16184, -2617, 141, 494, -3468, 2560, 17632, -2976, 429, 582, -3964, 2264, 18436, -3023, 448, 550, -4448, 2372, 18984, -3027, 680, 571, -4748, 2540, 19044, -3001, 1040, 613, -5228, 2624, 19364, -2910, 1348, 656
-5840, 2700, 19488, -2803, 1684, 723, -1152, 268, 29720, -2108, -196, -165, -6956, 3504, 6036, -3266, 2433, 513, -4260, 3940, 18324, -3321, 2066, 671, -3760, 3148, 17776, -3475, 2227, 758, -4556, 2668, 19104, -3815, 2410, 786, -5688, 2044, 20212, -3787, 2394, 760, -6716, 2200, 20648, -3776, 2492, 714, -7660, 2332, 20976, -3695, 2696, 804, -8576, 2136, 21136, -3532, 2807, 980
-9100, 1916, 21376, -3260, 2836, 1102, -17600, -12044, 32767, 2437, 2284, 1064, -26504, -9196, 15660, 1424, 4796, 2524, -24692, -7900, 19624, 1499, 4158, 3627, -25064, -9212, 18744, 1456, 4282, 4356, -27340, -10432, 20036, 1252, 4339, 5339, -29004, -11224, 20548, 1289, 4067, 6270, -30416, -11804, 20436, 1312, 3846, 7350, -30948, -12068, 20200, 1355, 3702, 8394, -32240, -12708, 19896, 1386, 3508, 9562
-32512, -13372, 19708, 1528, 3195, 10875, -2376, 132, 26892, -447, -2140, -727, -5440, 1768, 6164, -1722, 64, -70, -4268, 1756, 18684, -1712, -307, 349, -3392, 744, 18432, -1752, -88, 534, -4268, 196, 19932, -1870, 108, 916, -5088, -32, 20712, -1662, 115, 1215, -5812, 268, 21268, -1543, 242, 1570, -6372, 528, 21420, -1352, 513, 1918, -6820, 472, 21856, -1159, 786, 2256
-7348, 284, 21912, -915, 1016, 2692, 3100, 2200, 23392, 662, -1862, -675, -5164, 3248, 18512, -1064, -246, 772, 744, 3980, 17456, -1193, -718, 892, 876, 3340, 17176, -1400, -396, 574, -340, 2796, 18148, -1730, -197, 562, -1176, 2344, 18684, -1790, -81, 585, -1552, 2924, 19080, -1901, 76, 696, -1696, 3176, 19052, -1925, 352, 772, -1932, 3252, 19080, -1980, 657, 910
-2040, 3356, 19112, -1999, 975, 1091, -19792, -5220, 21736, -5089, 1684, 6824, -23892, -3780, 2196, -6054, 2776, 8017, -21852, -4512, 15540, -5988, 2105, 8727, -20732, -5984, 15048, -5881, 1887, 9040, -22468, -6496, 15172, -6004, 1561, 9742, -23648, -7252, 15572, -5919, 976, 10312, -24532, -7536, 15880, -5798, 351, 11084, -25268, -7860, 16012, -5621, -170, 11850, -26108, -8236, 16316, -5341, -752, 12643
-26776, -8540, 16384, -4956, -1288, 13511, -6160, -16, 25080, -2202, 1741, -4654, -15508, 1496, 17764, -3872, 3659, -2985, -10760, 1920, 19200, -3777, 2862, -2457, -11336, 932, 18944, -3653, 3085, -2530, -12448, 372, 19636, -3753, 3340, -2321, -14376, -324, 20492, -3679, 3268, -2180, -15576, -384, 20832, -3637, 3368, -2062, -16864, -544, 21032, -3642, 3513, -1859, -18688, -980, 21456, -3648, 3597, -1685
-20456, -1448, 21780, -3646, 3687, -1532, -7268, -160, 24172, -598, 985, 349, -10096, 108, 19220, -1993, 3130, 1153, -8356, 1764, 17952, -1970, 2169, 1659, -8244, 804, 17628, -2089, 2008, 1867, -8872, 64, 18384, -2294, 1897, 2006, -10340, -936, 19664, -2159, 1359, 2216, -11224, -964, 20104, -1961, 1035, 2484, -12236, -832, 20564, -1735, 786, 2765, -13096, -912, 21068, -1443, 474, 3069
-14008, -984, 21204, -1151, 233, 3362, -14824, -4816, 25652, 2099, 2049, 6482, -16268, -5000, 21436, 893, 4450, 7047, -16900, -3096, 20512, 545, 4448, 7773, -16056, -3848, 20328, 34, 4924, 8077, -17300, -4148, 21340, -618, 5501, 8533, -18872, -4604, 22852, -995, 5725, 8964, -19780, -4700, 23808, -1278, 6080, 9371, -20824, -4800, 24808, -1487, 6652, 9650, -21744, -5256, 25424, -1567, 7215, 10038
-22860, -5920, 25932, -1561, 7785, 10473, -5088, -2112, 28336, 3059, -402, 2079, -9800, 1800, 3532, 1706, 2408, 2863, -9020, 1620, 19196, 1616, 1707, 3570, -6048, 208, 18476, 1509, 2085, 3597, -7332, -644, 20040, 1218, 2463, 3818, -8768, -948, 20592, 1157, 2517, 4018, -9412, -576, 20744, 1035, 2753, 4215, -9712, -408, 21020, 946, 3210, 4411, -10140, -624, 21164, 893, 3651, 4587
-10896, -836, 21252, 866, 4198, 4837, -6184, -920, 26432, -827, -4315, -3328, -7836, -132, 7992, -1842, -2233, -2997, -9428, 356, 18432, -1941, -2551, -2460, -8160, -136, 18068, -1953, -2375, -2151, -8744, -464, 18628, -2201, -2038, -1787, -9712, -784, 19112, -2209, -1939, -1444, -10328, -804, 19296, -2235, -1804, -1145, -10988, -832, 19364, -2217, -1553, -788, -11420, -1196, 19208, -2174, -1334, -359
-11816, -1380, 19240, -2138, -1193, 49, -9664, -2152, 32767, -953, 866, -2643, -16048, -184, 11840, -2154, 3011, -1895, -14600, 436, 17652, -1891, 2287, -1669, -15184, -848, 16868, -1686, 2187, -1474, -17424, -2252, 18208, -1584, 1889, -1065, -19116, -3308, 18636, -1227, 1171, -662, -20824, -4148, 18604, -802, 401, -268, -22240, -4532, 18232, -365, -285, 104, -24048, -5224, 18060, 134, -1176, 664
-24776, -5568, 17980, 681, -2187, 1315, 932, -2172, 32640, 1117, -4591, 3608, -12200, 1196, 12296, -420, -2426, 4377, -7512, 3404, 13100, -602, -3577, 5023, -6496, 2180, 12720, -888, -3762, 4817, -7208, 1048, 14788, -1184, -3854, 4752, -7608, 1000, 14972, -1164, -4177, 4690, -7920, 1432, 15232, -1185, -4221, 4618, -7936, 1692, 15156, -1199, -4126, 4550, -8568, 1616, 15084, -1174, -3980, 4590
-9280, 1336, 15284, -1111, -3857, 4688, -7212, 1468, 19992, -777, -2072, -5113, -8628, 1280, 15484, -2750, 1176, -4890, -8492, 2412, 14316, -3295, 1132, -4825, -8764, 1732, 13768, -4058, 1713, -4819, -9600, 1000, 14672, -4870, 2335, -4690, -11304, 20, 15712, -5332, 2488, -4522, -12596, -280, 16204, -5779, 2658, -4237, -13772, -812, 16580, -6057, 2872, -3819, -14936, -1632, 16788, -6145, 3024, -3176
-16068, -2324, 16504, -6187, 3107, -2517, -9624, -2380, 18844, -1671, -602, 2567, -12380, -1860, 14752, -2975, 1608, 3440, -10868, -160, 14948, -3108, 576, 4140, -10448, -796, 14316, -3317, 306, 4484, -11608, -1668, 15748, -3638, 105, 4906, -12000, -1656, 16312, -3607, -315, 5273, -12608, -1356, 16832, -3529, -468, 5662, -12744, -1032, 17280, -3415, -388, 6050, -12596, -992, 17572, -3265, -224, 6506
-12920, -944, 17728, -3157, 34, 6954, -5108, -5444, 32767, -2673, -2515, 1528, -9976, -2860, 11296, -3585, -81, 2467, -9276, -908, 14860, -3436, -818, 3187, -9220, -1620, 14588, -3275, -939, 3703, -10448, -1772, 15980, -3413, -1019, 4344, -11492, -1368, 16456, -3299, -1500, 4787, -11768, -1040, 16612, -3212, -1826, 5311, -11988, -732, 16872, -3205, -2086, 5782, -12156, -688, 17216, -3109, -2287, 6200
-12232, -888, 17552, -3012, -2343, 6571, -5652, -2812, 29308, 1448, -2739, 2388, -9348, -380, 7384, 697, -739, 3056, -8912, 436, 14896, 966, -1721, 3436, -8404, -416, 14212, 1061, -2183, 3744, -9452, -996, 15948, 953, -2550, 4099, -10608, -1004, 16740, 1069, -3202, 4398, -11288, -856, 17536, 1143, -3749, 4785, -12016, -504, 17968, 1223, -3992, 5106, -12336, -448, 18044, 1261, -4223, 5501
-13168, -348, 17944, 1226, -4390, 5891, -3368, -2248, 32767, -1943, -13, -3455, -8544, -48, 15576, -2933, 2293, -2943, -7440, 1536, 17784, -2873, 1778, -2688, -6852, 608, 16980, -2987, 2003, -2609, -7968, -228, 18452, -3305, 2384, -2478, -8980, -436, 18968, -3443, 2447, -2338, -9384, -316, 18968, -3632, 2699, -2160, -10188, 124, 19164, -3875, 3206, -2046, -11080, 60, 19188, -4105, 3567, -1858
-12188, 64, 19616, -4321, 3888, -1661, -12128, -3716, 32767, -5026, 6910, -6665, -15812, -2028, 14660, -6298, 8865, -5205, -13932, -1792, 18872, -6097, 8407, -4662, -14660, -2772, 17684, -6081, 8384, -4197, -17280, -3164, 18252, -6373, 8106, -3536, -18120, -3256, 18656, -6343, 7457, -2943, -19340, -3128, 18940, -6314, 6807, -2332, -19984, -3092, 19068, -6253, 6162, -1884, -21424, -2836, 19296, -6113, 5343, -1437
-22648, -2852, 19328, -5890, 4374, -1015, -10340, -1392, 28232, -980, 2400, 5862, -12724, 708, 5472, -2221, 4948, 6419, -13164, 1528, 18596, -2481, 4717, 6913, -12052, 508, 17800, -2688, 4941, 7088, -13440, 108, 18496, -3186, 5216, 7339, -14828, -372, 19416, -3366, 5220, 7565, -16064, -236, 19612, -3569, 5311, 7815, -17244, -220, 19508, -3731, 5553, 8016, -18488, -456, 19368, -3834, 5734, 8238
-19752, -924, 19136, -3967, 5905, 8446, -4500, -3500, 32767, 967, -3445, 2208, -11476, -604, 15756, -432, -681, 3164, -9800, 1412, 17456, -678, -943, 3734, -9312, 532, 17000, -965, -579, 4030, -10644, -244, 18560, -1437, -249, 4368, -11064, -436, 19132, -1670, -142, 4622, -11716, -228, 19712, -1909, 119, 4936, -12224, 20, 20064, -2051, 623, 5257, -12660, 12, 20296, -2208, 1199, 5544
-13204, -308, 20556, -2281, 1832, 5854, -6048, -3224, 32767, -861, 175, -2974, -12184, -156, 15148, -1980, 2498, -2104, -10736, 540, 19084, -1682, 1585, -1722, -10484, -740, 18504, -1472, 1522, -1508, -12056, -1564, 19344, -1504, 1569, -1156, -13132, -2068, 19696, -1295, 1244, -856, -14080, -2192, 19892, -1074, 1105, -515, -14560, -2412, 19872, -863, 1063, -120, -15684, -2804, 20136, -669, 973, 395
-16652, -3540, 20092, -483, 937, 868, -12984, -2220, 31128, -1056, -1273, -529, -18500, 628, 9008, -2443, 582, 583, -17312, -24, 18800, -2445, -223, 1093, -16368, -1364, 18596, -2341, -333, 1360, -17676, -2192, 19172, -2423, -134, 1668, -19120, -2872, 19800, -2259, -205, 1993, -20488, -3396, 19904, -2116, -211, 2364, -21604, -3608, 19976, -1924, -59, 2718, -22228, -3940, 20128, -1712, 70, 3133
-23728, -4488, 20056, -1460, 159, 3611, -16636, -7180, 25036, 785, 243, 2247, -19260, -4860, 7364, -145, 2104, 3579, -19280, -4876, 18700, -264, 1993, 4541, -18756, -6024, 18428, -425, 2129, 5192, -19916, -6432, 18736, -969, 2427, 5933, -21040, -7120, 19400, -1367, 2620, 6640, -21596, -7396, 19696, -1810, 3091, 7333, -22532, -7480, 20076, -2219, 3700, 7921, -23732, -7724, 20524, -2586, 4300, 8599
-24944, -8012, 21060, -2893, 4944, 9325, -5944, -456, 24056, 262, 3116, -6598, -8676, 1764, 19968, -779, 4648, -5420, -6716, 2148, 20428, -634, 4165, -5241, -6532, 1604, 20388, -496, 4045, -5231, -7480, 1716, 20320, -609, 3990, -5060, -8628, 1504, 21056, -464, 3686, -4997, -9320, 1676, 21088, -324, 3482, -4956, -9780, 1728, 21116, -196, 3369, -4820, -10492, 1420, 21208, -47, 3252, -4663
-11116, 1104, 21268, 150, 3170, -4506, -12436, -3920, 32767, -1460, 3035, 1957, -17476, -2272, 15712, -2584, 4953, 3189, -15596, -732, 17716, -2230, 3991, 3621, -15608, -2000, 17160, -2012, 3931, 3886, -17540, -2456, 18012, -2025, 3882, 4435, -18552, -2892, 18316, -1813, 3604, 4824, -18948, -2824, 18412, -1662, 3596, 5156, -20076, -2952, 18572, -1546, 3649, 5595, -21088, -3252, 18924, -1463, 3749, 6083
-22168, -3632, 19124, -1444, 3909, 6552, -8776, -472, 21672, -575, 3636, 4897, -11988, 656, 16748, -2069, 5680, 5935, -10664, 1408, 17344, -2394, 5239, 6543, -11288, 588, 16568, -2626, 5260, 6836, -11880, 96, 17124, -3076, 5356, 7210, -13200, -872, 17480, -3249, 5214, 7511, -14536, -1144, 17572, -3377, 5133, 7966, -15540, -1336, 17648, -3429, 5144, 8428, -16576, -1620, 17864, -3406, 5219, 8930
-17540, -1824, 17540, -3347, 5266, 9376, -7388, -1512, 31040, -1713, -800, 4005, -12200, 1632, 8800, -2744, 1674, 5181, -11344, 2416, 17648, -2663, 1312, 5905, -9940, 1444, 16892, -2725, 1567, 6321, -11308, 1244, 17716, -2906, 1780, 6807, -11960, 1184, 17940, -2928, 1786, 7259, -12536, 1748, 17948, -2915, 2019, 7589, -13136, 2212, 17416, -2958, 2278, 7967, -13260, 2412, 17300, -2984, 2512, 8333
-13736, 2668, 16904, -3026, 2790, 8659, -13832, -312, 26664, -3060, 4649, 1598, -18684, 648, 22232, -3947, 7001, 2699, -16268, 2040, 20792, -3661, 6056, 3396, -16180, 1248, 20344, -3543, 5822, 3777, -17728, 672, 21100, -3527, 5623, 4258, -19004, -260, 21756, -3224, 5158, 4527, -20124, -520, 22420, -2829, 4744, 4854, -21344, -800, 22856, -2425, 4426, 5296, -22444, -1348, 23160, -1958, 4052, 5758
-23520, -1748, 23268, -1413, 3673, 6162, -3756, 2360, 20596, -1573, 106, -5064, -5264, 2080, 17256, -2728, 2217, -4519, -4876, 2608, 17124, -2647, 1378, -4251, -4796, 1696, 16828, -2657, 1162, -4105, -5424, 1240, 17264, -2810, 1116, -3939, -6632, 504, 18020, -2696, 889, -3749, -7044, 516, 18224, -2542, 884, -3552, -7612, 604, 18572, -2377, 985, -3278, -8280, 356, 18644, -2146, 1049, -2931
-9164, 72, 18912, -1874, 1061, -2571, -14548, -1044, 22932, -2339, 2849, 212, -18524, -968, 18780, -3307, 4470, 1624, -17072, 8, 16784, -2980, 3495, 2442, -17208, -580, 16128, -2822, 2921, 2919, -18776, -1572, 16688, -2776, 2418, 3527, -20384, -2420, 17252, -2476, 1711, 4154, -21676, -2604, 17248, -2209, 1029, 4710, -22796, -2616, 17272, -2008, 535, 5135, -23868, -2824, 17256, -1823, 139, 5625
-25036, -3184, 17436, -1638, -364, 6063, -9248, -2804, 32767, -2107, 3727, 3722, -18032, -1128, 14540, -3373, 6312, 4615, -17368, 156, 18184, -3625, 5907, 5391, -16776, -1608, 17488, -3989, 6198, 5835, -18260, -2728, 19180, -4353, 6633, 6271, -19704, -3372, 19808, -4481, 6881, 6618, -21060, -3200, 20316, -4671, 7264, 6917, -22304, -3388, 20504, -4780, 7776, 7360, -22908, -3476, 20664, -4871, 8284, 7863
-24372, -4108, 20964, -4904, 8746, 8344, -8072, -1008, 25648, 391, 1080, 2453, -11944, 344, 20352, -730, 3521, 3045, -12132, 1636, 20012, -800, 2929, 3740, -10440, 160, 19620, -923, 2963, 3829, -11636, -740, 20480, -1283, 3122, 3952, -13344, -1892, 21280, -1355, 3026, 4096, -14212, -2388, 21808, -1336, 3114, 4381, -15352, -2792, 22076, -1326, 3351, 4617, -16408, -3204, 22024, -1251, 3641, 4954
-17472, -3860, 22308, -1127, 3948, 5408, -8048, -332, 18700, -702, 963, 4207, -12964, 1420, 13928, -2327, 2417, 5305, -11716, 2800, 13700, -2816, 1591, 6029, -8172, 1468, 13376, -3178, 1413, 6038, -9800, 792, 14720, -3552, 1079, 6204, -11252, 428, 15276, -3675, 572, 6393, -12140, 540, 15480, -3779, 194, 6628, -12712, 724, 15708, -3868, -19, 6787, -13516, 224, 16032, -3838, -224, 6964
-14456, -16, 16364, -3842, -385, 7059, -11320, -4672, 25560, -3117, 2570, 1518, -15072, -2284, 5292, -4199, 4633, 2629, -15244, -1656, 17500, -4233, 4045, 3706, -14136, -2688, 17216, -4225, 3857, 4426, -14912, -3312, 18344, -4286, 3767, 5057, -15820, -3988, 19136, -4001, 3449, 5633, -16556, -4212, 19488, -3708, 3270, 6199, -17036, -4364, 19344, -3366, 3170, 6757, -17680, -4940, 19324, -3030, 2997, 7373
-18600, -5452, 19124, -2719, 2781, 7969, -7668, -2388, 26296, -1324, 4723, -2421, -11192, -20, 9352, -2437, 6296, -1500, -11252, 448, 18096, -2636, 5584, -648, -9664, -696, 18648, -2666, 5326, -158, -10184, -1072, 19352, -2869, 5264, 221, -11100, -1116, 19844, -2740, 4946, 650, -11612, -772, 20196, -2658, 4800, 1108, -11968, -464, 20156, -2567, 4660, 1705, -12804, -428, 20128, -2498, 4492, 2230
-13088, -520, 19964, -2406, 4291, 2727, -16880, -6464, 32767, 2277, 676, 521, -20640, -3856, 14316, 1058, 3131, 1901, -19652, -2572, 18184, 983, 3532, 2542, -19076, -3312, 17068, 711, 4297, 2852, -20816, -3696, 17896, 185, 4940, 3274, -24584, -3236, 17436, -314, 5339, 3854, -25052, -3180, 17980, -967, 5669, 4539, -25092, -3264, 18132, -1502, 6119, 4699, -26360, -4224, 18340, -1975, 6661, 4984
-27964, -4956, 18068, -2485, 7226, 5291, -15564, -188, 24300, 422, 1400, -5906, -20656, 1616, 1328, -1012, 4243, -5016, -20112, 1544, 14540, -1466, 4202, -4461, -19980, -240, 13244, -2112, 4760, -4192, -22572, -1212, 14252, -2866, 5305, -3845, -25016, -2204, 15040, -3439, 5754, -3546, -27256, -2784, 15528, -3929, 6501, -3153, -29752, -3328, 15748, -4364, 7407, -2790, -32516, -4284, 15948, -4695, 8243, -2254
-32512, -5496, 15752, -4970, 9079, -1752, -3216, -2536, 32767, -2173, -1205, 4079, -6236, 392, 13192, -3387, 1698, 4346, -6844, 1276, 18116, -3599, 1837, 4492, -6160, 1180, 16592, -4039, 2256, 4288, -7484, 956, 17712, -4798, 2890, 4244, -8608, 920, 18292, -5250, 3285, 4011, -9872, 972, 18780, -5709, 3896, 3780, -10784, 920, 18812, -6186, 4586, 3578, -12300, 748, 19216, -6577, 5236, 3445
