-392, -1680, 16672, -172, -205, -128, 12376, 1904, 16736, -4063, 2812, 195, 7972, 2880, 8280, -6668, 4973, 133, 12256, 4264, 10988, -7179, 3656, 45, 13416, 4320, 10344, -7747, 3620, -597, 12292, 3984, 11348, -8639, 3148, -955, 12524, 4024, 12008, -9205, 2332, -1341, 13724, 4612, 12764, -9655, 1809, -1749, 14888, 5116, 13516, -10043, 1431, -2296, 15592, 5112, 14508, -10141, 1053, -2836
16200, 5268, 15104, -10086, 763, -3377, 5940, 540, 24712, 781, 2165, -2440, 4764, 2052, 16432, -1011, 4241, -2431, 5084, 4000, 14996, -1483, 3947, -2335, 7500, 3520, 14296, -2072, 4349, -2689, 7148, 3204, 15296, -2790, 4513, -2963, 7528, 2836, 15628, -3237, 4425, -3300, 8132, 2844, 15604, -3732, 4458, -3762, 8672, 3060, 15532, -4246, 4548, -4234, 9236, 2992, 15724, -4664, 4568, -4642
9652, 2916, 15780, -5007, 4616, -5027, 5140, -728, 21284, -944, 3583, 2832, 4048, -252, 16796, -2287, 5384, 3394, 6692, 1628, 16072, -2246, 4774, 3494, 7024, 1340, 15692, -2403, 4833, 3238, 6544, 1160, 16212, -2726, 4828, 3102, 6208, 1076, 16680, -2887, 4369, 2931, 7064, 1304, 16740, -3075, 4033, 2614, 7684, 1856, 16776, -3274, 3845, 2223, 8232, 2344, 16636, -3442, 3595, 1906
8844, 2604, 16792, -3573, 3342, 1538, 10724, -132, 25928, 1127, 3313, 6683, 10972, 4096, 356, -1085, 5905, 6548, 9968, 5108, 13016, -1939, 5246, 6566, 12924, 5300, 12408, -2974, 5432, 5938, 13284, 5524, 14096, -4045, 5439, 5190, 13696, 5908, 14268, -4922, 5163, 4383, 14144, 7316, 14136, -5970, 4909, 3414, 15556, 7712, 14440, -6817, 4777, 2439, 16768, 7252, 15484, -7462, 4808, 1275
17228, 7020, 15792, -7901, 4895, 156, 8660, -4004, 32352, 1437, 433, 827, 2280, 2604, 1800, -310, 3015, 1379, 4384, 2772, 14620, -494, 1645, 2181, 7624, 2244, 14040, -694, 1720, 1949, 7272, 1908, 15236, -1161, 1647, 1763, 7540, 2112, 15284, -1401, 1056, 1476, 8572, 2772, 15064, -1762, 690, 1065, 9536, 3360, 14984, -2169, 606, 574, 9924, 3436, 14832, -2506, 562, 79
10588, 3600, 14800, -2812, 554, -526, 9664, -784, 27580, 3017, -1341, 3512, 11448, 3208, 4192, 1423, 1322, 3244, 10860, 4932, 16464, 1104, 918, 3382, 12036, 5124, 15516, 542, 1263, 3438, 12072, 5004, 17008, -66, 1283, 3302, 13084, 4496, 18128, -360, 994, 2992, 14500, 4332, 18388, -594, 820, 2451, 15792, 4484, 18248, -778, 769, 1901, 17232, 4180, 17956, -882, 823, 1361
18076, 4232, 17868, -941, 966, 681, 9384, -188, 21300, 1403, 253, 4924, 7240, 1652, 15272, -220, 2295, 5489, 11332, 3776, 14308, -539, 1754, 5809, 12604, 3412, 14756, -881, 2131, 5500, 12632, 3152, 15568, -1399, 2376, 5318, 13324, 3128, 16292, -1767, 2317, 5027, 14064, 3640, 16488, -2176, 2397, 4546, 14856, 4220, 16404, -2591, 2595, 4110, 15732, 4424, 16720, -2990, 2758, 3546
16596, 4528, 16812, -3306, 2969, 2908, 9940, -448, 32767, 808, 730, 2283, 6948, 2740, 12520, -1154, 2860, 2552, 9200, 4552, 15720, -1306, 2203, 2383, 9992, 3764, 15264, -1673, 2375, 2027, 9320, 3252, 16480, -2143, 2196, 1814, 10044, 3232, 16832, -2337, 1747, 1495, 10360, 3184, 17052, -2527, 1381, 1162, 11076, 3436, 16880, -2694, 1028, 837, 11736, 3496, 17032, -2783, 726, 541
12448, 3444, 17380, -2765, 460, 210, 11764, 72, 27860, 1051, 1649, -2900, 11284, 2004, 5244, -399, 3860, -3300, 12724, 3284, 16276, -635, 3575, -3691, 13828, 2952, 15148, -1088, 3692, -4265, 13788, 2672, 16268, -1633, 3735, -4728, 14516, 2416, 16860, -1940, 3454, -5338, 15300, 2660, 17236, -2280, 3160, -6012, 16188, 3156, 17364, -2586, 2985, -6400, 17260, 3280, 17496, -2828, 2873, -7209
17732, 3368, 17604, -3002, 2804, -7790, 22832, -1432, 32767, 1165, -662, -8303, 13900, 2924, 13768, -568, 1443, -8594, 18360, 5968, 15756, -948, 709, -8633, 20872, 5256, 16072, -1273, 895, -9618, 20960, 4604, 17288, -1610, 955, -10416, 21396, 4512, 17504, -1749, 666, -11255, 22440, 4832, 17524, -1892, 446, -12204, 23640, 5112, 17460, -1987, 453, -13117, 24948, 5084, 17620, -2016, 473, -14072
25832, 5068, 17540, -1989, 552, -14884, 5876, -124, 18580, -2559, 199, 1370, 6560, 1968, 14196, -4504, 2304, 1381, 8700, 5404, 13228, -5073, 1620, 1066, 10204, 5152, 13640, -5786, 1702, 234, 10384, 4624, 15524, -6456, 1634, -542, 10952, 4676, 15668, -6853, 1178, -1455, 11972, 5208, 16240, -7290, 928, -2481, 12800, 5512, 16320, -7690, 814, -3550, 13612, 5364, 17136, -7846, 691, -4528
14236, 5140, 17788, -7853, 668, -5527, 9308, -3532, 32767, 3293, -1355, -1540, 3480, -440, 12452, 1582, 1029, -1073, 5664, 2916, 13888, 1263, 295, -711, 7616, 2092, 13980, 741, 566, -836, 7100, 1492, 15152, 180, 734, -1001, 7628, 1668, 15308, -247, 438, -1171, 7848, 1824, 15432, -727, 226, -1397, 8568, 2484, 15632, -1229, 155, -1713, 9604, 2828, 15612, -1659, 135, -2065
10384, 3156, 15768, -2088, 208, -2460, 5604, -360, 29420, 906, 626, -1477, 3056, 2052, 7040, -453, 2596, -1566, 3852, 3552, 15024, -713, 1743, -1507, 5584, 3080, 15176, -886, 1771, -1786, 4700, 2636, 16676, -1180, 1582, -1970, 5692, 2640, 17040, -1244, 1055, -2282, 6464, 2876, 17076, -1279, 805, -2752, 7132, 3240, 16924, -1321, 697, -3224, 7696, 3144, 17052, -1317, 577, -3627
7904, 3304, 17152, -1269, 452, -4091, 8960, -540, 27964, 1806, -1581, -2791, 5412, 3784, 4312, 193, 810, -2822, 9784, 3808, 14320, -327, 343, -3105, 12532, 2376, 14512, -773, 1026, -3968, 12708, 1384, 15848, -1290, 1405, -4664, 14348, 1020, 15920, -1613, 1386, -5541, 16148, 980, 15824, -2034, 1559, -6458, 18104, 832, 15676, -2536, 1854, -7415, 20252, 536, 15500, -2980, 2154, -8550
21380, 524, 15468, -3373, 2575, -9706, 11108, -1788, 32767, 299, -637, -4479, 7072, 1252, 15264, -1079, 2041, -4800, 8388, 4416, 16796, -1415, 1905, -5140, 9284, 4620, 16060, -1855, 2248, -5637, 9160, 4140, 17724, -2458, 2601, -6156, 9172, 4168, 18252, -2730, 2427, -6807, 9656, 4668, 18516, -3020, 2293, -7648, 10188, 5112, 18612, -3303, 2266, -8442, 10692, 5116, 18432, -3438, 2229, -9266
11152, 5092, 18608, -3501, 2279, -10180, 8028, 848, 21932, 1821, -300, 3352, 8368, 1136, 17160, 622, 2388, 3172, 10236, 3776, 15112, 402, 2617, 2925, 10588, 3528, 14892, -12, 3061, 2361, 10148, 3800, 15920, -684, 3481, 1859, 10184, 3664, 16716, -1152, 3484, 1343, 10536, 3924, 16972, -1697, 3417, 685, 10872, 4276, 16604, -2285, 3480, 52, 11160, 4076, 16576, -2755, 3576, -511
11440, 3920, 16608, -3118, 3673, -1070, 12516, 1584, 23056, -517, 1333, -1733, 10512, 3088, 16688, -2231, 4106, -1831, 13372, 5732, 15344, -2432, 3540, -1962, 13812, 5528, 15364, -2810, 3729, -2561, 13596, 5132, 16184, -3298, 3919, -3091, 13752, 4840, 16668, -3681, 3617, -3738, 14248, 5412, 16488, -4177, 3276, -4319, 15016, 6180, 16252, -4675, 3076, -4964, 15936, 6456, 16456, -5067, 2886, -5665
16620, 6728, 16616, -5329, 2670, -6387, 17500, 244, 32767, -154, 165, 4853, 11068, 4568, 9028, -1793, 2423, 4185, 14832, 6208, 15104, -2147, 1321, 3525, 16288, 4900, 15176, -2617, 1289, 2343, 16196, 3988, 16832, -3139, 1099, 1272, 16916, 3948, 17076, -3389, 427, 33, 17280, 4296, 17104, -3640, -262, -1177, 17572, 4540, 17032, -3815, -791, -2266, 18264, 4712, 17472, -3833, -1394, -3378
19112, 4928, 18100, -3679, -2025, -4455, 9312, -2248, 32767, 2160, -470, 3486, 7336, 532, 12212, 666, 2174, 3678, 8416, 3316, 14232, 467, 1380, 3927, 9972, 3012, 13888, -6, 1631, 3789, 9504, 2620, 15512, -475, 1679, 3596, 9804, 2824, 15724, -761, 1298, 3477, 10028, 2856, 15780, -1125, 969, 3235, 10492, 3148, 15580, -1583, 762, 2938, 11064, 3060, 15580, -1872, 550, 2730
11964, 2856, 15456, -2133, 414, 2427, 10212, 1308, 23396, -1666, 4031, -2629, 8608, 2608, 18492, -3299, 6315, -1934, 11396, 4556, 17236, -3247, 5575, -1721, 11616, 3936, 17204, -3248, 5648, -1808, 10904, 3412, 18508, -3303, 5466, -1745, 11156, 3360, 19320, -3163, 4985, -1832, 11248, 3960, 18908, -3066, 4553, -1831, 11184, 4988, 18532, -3031, 4224, -1774, 12952, 4764, 18920, -2861, 3940, -1996
13672, 4572, 19236, -2489, 3688, -2302, 12084, 1024, 30028, -228, 880, -1641, 9064, 4976, 4152, -2168, 3553, -1776, 9416, 6028, 14928, -2586, 2811, -1905, 11816, 5216, 15108, -2988, 3023, -2521, 11040, 4512, 16796, -3477, 3082, -3070, 11356, 4416, 17152, -3675, 2777, -3633, 11404, 4540, 17232, -3861, 2503, -4267, 11816, 4704, 17164, -3992, 2383, -4853, 11964, 4544, 17308, -3951, 2239, -5375
11948, 4528, 17400, -3853, 2088, -5828, 9256, 1368, 21588, 2846, 811, 3806, 8908, 2092, 16420, 1380, 3038, 4183, 12140, 4408, 15428, 1217, 2218, 4036, 12576, 4172, 15236, 957, 2244, 3639, 12204, 3968, 15964, 493, 2203, 3389, 12468, 3928, 16332, 173, 1684, 3047, 13276, 4576, 16056, -284, 1261, 2534, 14108, 5180, 15972, -824, 1015, 1997, 15008, 5272, 15936, -1262, 769, 1570
15852, 5488, 16104, -1583, 604, 1095, 16752, -672, 32767, -1074, 3090, 1181, 10692, 2748, 15584, -2879, 6257, 1214, 11112, 5628, 15056, -3221, 6005, 1032, 10788, 5520, 14720, -3766, 6448, 883, 10340, 5128, 16504, -4420, 6521, 734, 10432, 5116, 16968, -4741, 5999, 525, 10500, 5300, 17248, -5078, 5474, 223, 11324, 5584, 17104, -5298, 5114, -168, 12136, 5376, 17124, -5341, 4758, -510
12652, 5024, 17348, -5243, 4408, -816, 11216, 3116, 21084, -992, -67, 3226, 12672, 2624, 14856, -2799, 2458, 2486, 13780, 5120, 13360, -3093, 1743, 2365, 14748, 5052, 12732, -3646, 2229, 2071, 14152, 5288, 14380, -4190, 2289, 1878, 14256, 5060, 16212, -4352, 1794, 1589, 14408, 5340, 16716, -4498, 1402, 1276, 14864, 6000, 16908, -4650, 1166, 880, 15464, 6156, 16912, -4722, 1011, 564
16204, 6080, 17084, -4766, 826, 153, 12616, 1680, 32260, 2682, -2369, 4175, 11684, 3592, 9988, 1604, 73, 3986, 10852, 5236, 16144, 1638, -429, 4096, 11916, 4952, 15320, 1465, -207, 4122, 11356, 4528, 16968, 1220, -209, 4227, 11948, 4404, 17384, 1198, -494, 4115, 12244, 4584, 17448, 1094, -652, 3903, 12800, 5056, 16936, 979, -734, 3658, 13036, 4992, 16864, 866, -738, 3541
13636, 5036, 16568, 736, -674, 3356, 13752, 3136, 24696, -1853, 1929, 2611, 12648, 4668, 18036, -3712, 4149, 3023, 13908, 6816, 16272, -3865, 3316, 2877, 16308, 5924, 15116, -4248, 3737, 2481, 15952, 5984, 16196, -4684, 3710, 2177, 16556, 5964, 16568, -4868, 3426, 1822, 17292, 6348, 16848, -5110, 3213, 1273, 18208, 6852, 16772, -5264, 3007, 796, 19028, 7012, 16944, -5357, 2749, 308
20068, 7300, 16860, -5349, 2488, -225, 15804, 4540, 22624, -4087, 4888, 5278, 14604, 5712, 15836, -6175, 7668, 4990, 15208, 7980, 14416, -6812, 7651, 4606, 16484, 7392, 12952, -7608, 8234, 3879, 15664, 7072, 14108, -8509, 8346, 3288, 15864, 6560, 15080, -9103, 8178, 2620, 16752, 6572, 15088, -9573, 8121, 1919, 17260, 6644, 14732, -10026, 8112, 1112, 17680, 6500, 14836, -10298, 8089, 411
17972, 6400, 15300, -10346, 8022, -224, 13364, 1796, 29296, 1630, -2244, 4466, 13424, 4876, 7752, 289, 120, 3949, 12768, 6788, 13952, -164, -220, 3937, 15452, 6676, 13868, -710, 136, 3431, 15220, 6324, 15792, -1314, 216, 2803, 16152, 6100, 16532, -1631, 86, 2121, 16732, 6184, 16852, -1938, 94, 1420, 17136, 6452, 16700, -2208, 153, 803, 17624, 6680, 16476, -2448, 257, 66
18084, 6316, 16572, -2538, 427, -457, 21384, 2768, 31356, -1672, 1304, -3412, 19748, 5020, 9484, -3174, 3382, -3944, 20772, 7420, 13428, -3397, 2662, -4411, 21824, 7428, 12816, -3724, 2827, -4952, 21680, 7336, 14116, -4172, 2702, -5451, 22852, 7428, 14632, -4365, 2284, -5994, 23692, 7872, 14860, -4572, 2016, -6726, 24172, 8288, 14760, -4800, 1803, -7501, 25020, 8940, 14740, -4956, 1653, -8148
25456, 9328, 15120, -4993, 1546, -8735, 15708, 2652, 28408, -373, 454, 239, 13880, 4596, 4792, -1567, 2277, 221, 16480, 5700, 15380, -1382, 1589, -94, 17716, 5144, 14236, -1388, 1789, -530, 17332, 4836, 15544, -1501, 1710, -821, 17888, 4784, 16004, -1456, 1301, -1161, 18560, 5256, 16260, -1470, 1054, -1582, 19240, 5844, 16056, -1453, 792, -1960, 19688, 5980, 16056, -1444, 647, -2304
20676, 6036, 15824, -1412, 557, -2637, 18864, 3124, 30332, -1327, 1712, 1892, 17096, 5168, 10764, -2529, 3828, 926, 17672, 7140, 14348, -2626, 3566, 643, 18896, 7196, 13292, -3003, 3911, 112, 18804, 6552, 14792, -3479, 3943, -383, 19760, 6296, 15464, -3670, 3676, -1118, 20152, 6160, 15876, -3797, 3490, -1841, 20672, 6328, 16040, -3868, 3342, -2486, 21100, 6392, 16028, -3856, 3190, -3029
21932, 6576, 16068, -3805, 3139, -3560, 19548, 5408, 21576, -3782, 2048, -6214, 18700, 6200, 16876, -5196, 3782, -6544, 21564, 8516, 16376, -5004, 2979, -7029, 21488, 8004, 16432, -4946, 2999, -7843, 21172, 7460, 17296, -4999, 2598, -8351, 21608, 6868, 18484, -4666, 1970, -9039, 22412, 6844, 18948, -4298, 1426, -9677, 23248, 7144, 18908, -3962, 927, -10422, 23904, 7180, 19156, -3540, 453, -10880
24616, 7240, 19004, -3086, 49, -11360, 10800, 936, 31844, 1192, -1113, 2959, 6812, 4116, 7508, -403, 926, 3366, 9192, 5416, 17408, -582, 77, 3494, 11752, 4644, 16444, -891, 346, 3118, 11676, 4304, 17932, -1272, 359, 2819, 12584, 4388, 18504, -1465, 152, 2452, 13704, 5004, 18956, -1648, 50, 2008, 14968, 5756, 18876, -1846, 108, 1498, 16032, 6056, 19064, -1990, 151, 1044
16624, 6252, 18960, -2083, 212, 547, 14872, 2700, 30740, -3350, 3188, 2434, 13332, 3652, 12404, -4150, 4864, 1714, 14176, 6416, 13556, -4054, 4251, 1251, 14672, 6416, 12760, -4172, 4179, 863, 14164, 6196, 13684, -4437, 3915, 556, 14572, 6384, 13984, -4468, 3438, 189, 15436, 6316, 14620, -4468, 2854, -331, 15940, 6544, 14492, -4447, 2309, -856, 16524, 6632, 14520, -4404, 1746, -1290
17268, 6560, 14724, -4294, 1257, -1614, 20648, 5948, 32164, -1477, 4792, -4244, 15560, 10308, 3188, -3613, 7186, -4867, 17112, 11512, 12528, -3859, 5750, -5244, 18792, 9740, 12180, -4085, 5584, -6122, 17656, 8248, 14004, -4333, 5107, -6677, 17692, 7792, 14396, -4145, 4237, -7187, 17652, 7600, 14420, -3989, 3484, -7583, 18356, 7568, 14528, -3797, 2894, -7828, 18376, 7340, 14680, -3544, 2253, -7957
18492, 7444, 15128, -3102, 1523, -8038, 16724, 4536, 26268, -2798, -67, -381, 14892, 7192, 6668, -3925, 1361, -1026, 17696, 8172, 15268, -4133, 960, -1566, 19064, 7228, 15052, -4337, 879, -2358, 18632, 6356, 16760, -4569, 400, -2961, 19284, 5988, 17768, -4533, -294, -3663, 19636, 5960, 18224, -4463, -930, -4233, 20160, 6028, 18340, -4342, -1552, -4745, 20552, 6012, 18520, -4078, -2009, -5196
21396, 5612, 18932, -3598, -2394, -5706, 19960, 4804, 20708, 1027, 219, -772, 19620, 4584, 15040, -466, 2395, -1339, 21220, 6080, 15140, -657, 1515, -1975, 21744, 5708, 14768, -922, 1825, -2857, 21408, 5296, 15772, -1271, 1706, -3464, 21368, 5168, 16300, -1361, 1263, -4197, 21908, 5616, 16468, -1486, 954, -4924, 22252, 6072, 16480, -1573, 776, -5547, 22736, 6176, 16632, -1559, 534, -6076
23504, 6116, 17084, -1420, 311, -6592, 19892, 5348, 22204, -2371, 3245, -2222, 20292, 6000, 16304, -3872, 5478, -2887, 21824, 8476, 15836, -4059, 4885, -3326, 22452, 8580, 15888, -4372, 5073, -3879, 22152, 8604, 16548, -4790, 4909, -4395, 22840, 8608, 17152, -4971, 4596, -5136, 23692, 8752, 17152, -5126, 4303, -6013, 24544, 9088, 17212, -5230, 4020, -6891, 25440, 8968, 17420, -5278, 3776, -7780
26168, 8900, 17552, -5255, 3560, -8691, 16316, 1760, 26388, 78, -927, 1633, 15268, 2192, 20204, -1239, 1642, 1207, 17316, 4916, 19080, -1345, 1186, 1330, 18028, 4652, 19912, -1500, 1306, 1006, 17520, 4204, 20748, -1673, 1084, 698, 17976, 3712, 21868, -1552, 565, 315, 18748, 3828, 22252, -1427, 149, -51, 19260, 4156, 22020, -1293, -304, -391, 19680, 4136, 22164, -1067, -760, -669
20160, 3976, 22708, -723, -1176, -946, 15704, 2816, 30092, 1891, 1579, -114, 12204, 6732, 6052, -295, 3724, -288, 13408, 8380, 13004, -938, 2844, -539, 14716, 7696, 12360, -1736, 2992, -1101, 13868, 7120, 13496, -2601, 2682, -1565, 13944, 6752, 13976, -3125, 2037, -2073, 14132, 6488, 14448, -3602, 1549, -2593, 14208, 6400, 14392, -4004, 1116, -3125, 14316, 6092, 14600, -4169, 648, -3461
14656, 5696, 15240, -4161, 181, -3800, 11180, 2416, 25304, 419, -416, 2180, 12684, 3884, 4388, -898, 1589, 1623, 12088, 4944, 14684, -1037, 915, 1392, 13484, 5596, 13488, -1506, 1363, 1051, 13208, 5580, 14652, -1908, 1304, 691, 14200, 5788, 15848, -2064, 1069, 197, 14904, 6316, 16304, -2196, 965, -325, 15404, 6848, 16088, -2313, 917, -905, 15872, 7148, 15888, -2395, 856, -1467
16392, 7240, 15848, -2482, 822, -2024, 15012, 3708, 24800, 1434, 1485, 3047, 16352, 4012, 3900, 268, 3706, 2106, 15192, 6072, 13936, -45, 3564, 1867, 16264, 6464, 12484, -645, 3890, 1441, 15952, 6392, 13792, -1289, 3756, 1064, 16724, 6076, 14664, -1555, 3368, 479, 17336, 6092, 14944, -1758, 3016, -106, 17784, 6272, 14712, -1971, 2495, -640, 18340, 6076, 14660, -2055, 2036, -1039
18552, 6012, 14648, -2026, 1485, -1512, 8692, 2204, 25284, 3064, -1844, 4726, 7572, 5520, -944, 1342, 764, 5039, 10220, 6012, 15180, 1041, 30, 4910, 12420, 5460, 13904, 588, 641, 4551, 12212, 5356, 14952, 40, 952, 4129, 12612, 5420, 15492, -245, 769, 3714, 13072, 5952, 15544, -648, 653, 3254, 13776, 6696, 15196, -1037, 604, 2734, 14460, 6820, 14840, -1477, 488, 2218
15068, 7036, 14464, -1824, 349, 1604, 20944, 1132, 30224, -2411, 3432, 751, 14188, 5076, 7000, -4424, 5202, 507, 18396, 7224, 12808, -4825, 4115, 171, 19784, 6824, 12212, -5234, 4119, -716, 18976, 6076, 13924, -5689, 3753, -1442, 19408, 6168, 14368, -5881, 3067, -2227, 19584, 6300, 14972, -6011, 2384, -3026, 19892, 6420, 14904, -6008, 1839, -3789, 20560, 6200, 15100, -5909, 1401, -4590
20780, 5976, 15716, -5555, 842, -5332, 15964, 1808, 30632, 256, -2749, 1283, 12888, 3556, 10060, -912, -1142, 1224, 14792, 4964, 13372, -940, -1997, 912, 15384, 3952, 12844, -1071, -2094, 508, 15020, 3324, 14232, -1335, -2563, 294, 15984, 3220, 14340, -1304, -3262, -165, 16608, 3548, 14684, -1256, -3947, -679, 16936, 3868, 14448, -1266, -4426, -1093, 17760, 4360, 14208, -1213, -4942, -1482
18700, 4584, 14360, -1160, -5340, -1882, 10416, 1932, 22016, 1726, -2654, 3874, 11000, 1232, 16112, 878, -460, 3205, 11212, 3864, 14496, 705, -731, 3088, 11244, 5992, 11168, -107, -479, 3141, 9832, 6580, 12612, -980, -877, 3275, 11028, 6020, 14004, -1546, -1521, 3059, 12292, 5492, 14732, -1969, -1960, 2626, 12924, 5312, 14400, -2396, -2262, 2105, 13368, 5036, 14068, -2735, -2440, 1702
13684, 4456, 14516, -2952, -2583, 1336, 18052, 3856, 28276, -1158, 1249, 461, 14844, 6136, 6164, -2539, 3228, -98, 16620, 7880, 13844, -2848, 2631, -499, 17268, 7516, 13384, -3213, 2775, -1063, 17100, 6992, 14632, -3689, 2506, -1617, 17920, 6824, 15416, -3873, 2062, -2378, 18476, 6940, 15532, -3958, 1705, -3182, 19208, 7252, 15348, -4080, 1450, -3928, 19552, 7144, 15484, -4097, 1242, -4647
20216, 7060, 15440, -4063, 1179, -5504, 14040, 4196, 21168, 752, 1029, 1749, 13940, 4180, 15772, -304, 2811, 1230, 15832, 7036, 13148, -370, 2503, 1350, 16784, 6628, 13048, -538, 2715, 1110, 17280, 6080, 14376, -675, 2664, 723, 18036, 5580, 15120, -590, 2364, 276, 18712, 5716, 15120, -544, 2065, -99, 19300, 6308, 14548, -578, 1788, -410, 20220, 6444, 14312, -558, 1547, -732
21016, 6324, 14172, -483, 1288, -1136, 26300, 3384, 31536, -1724, 3891, -2775, 22132, 7092, 8000, -3344, 6430, -3201, 25064, 7920, 17620, -3427, 6068, -3668, 26952, 6820, 17184, -3641, 6578, -4489, 26508, 6392, 18344, -4021, 6844, -5329, 26948, 6460, 18836, -4107, 6730, -6126, 27628, 6956, 18440, -4334, 6827, -6999, 28124, 7424, 18324, -4498, 6965, -7801, 28028, 7324, 18516, -4549, 6920, -8455
28216, 7336, 18848, -4526, 6868, -9091, 18048, 3180, 31128, -2197, -399, 1261, 17980, 4044, 12412, -2944, 1467, 441, 18808, 6796, 15380, -2930, 1245, -65, 19804, 6880, 14124, -3189, 1578, -655, 20480, 6540, 15372, -3474, 1660, -1256, 21820, 6528, 16000, -3488, 1492, -2025, 22656, 6708, 16388, -3579, 1270, -2920, 23208, 6908, 16440, -3664, 1033, -3837, 24068, 7308, 15744, -3772, 913, -4674
25132, 7488, 15772, -3835, 786, -5465, 7204, 1520, 31316, -1610, 2714, -1546, 6032, 2536, 10320, -2821, 5006, -1998, 6244, 4416, 16228, -2997, 4864, -2184, 6636, 4468, 14968, -3378, 5212, -2325, 6456, 4188, 15788, -3864, 5408, -2487, 7496, 4044, 15976, -4116, 5394, -2899, 8260, 4368, 15956, -4467, 5387, -3390, 8820, 4812, 15748, -4815, 5301, -3850, 9076, 4840, 15880, -5071, 5122, -4250
9572, 4980, 15788, -5248, 4897, -4714, 11280, 2732, 22276, -384, 592, -2806, 11252, 3964, 16436, -1867, 2577, -3108, 13540, 6472, 14252, -2061, 2107, -3515, 13944, 6484, 13788, -2340, 2240, -4132, 14008, 6736, 14824, -2729, 2227, -4718, 15096, 6696, 15104, -2879, 2063, -5540, 16376, 7028, 15224, -3053, 1863, -6465, 17528, 7680, 14984, -3245, 1710, -7270, 18352, 7880, 14872, -3398, 1499, -8202
19176, 8008, 14920, -3509, 1276, -9165, 4304, 1148, 23564, 3275, -1258, 715, 780, 3432, 15432, 1718, 1073, 1047, 5660, 4924, 13292, 1510, 346, 1345, 5844, 4480, 12756, 1126, 758, 1089, 4612, 3628, 13916, 625, 812, 1020, 4676, 3296, 14056, 275, 490, 809, 4952, 3488, 14240, -165, 297, 642, 5536, 3692, 13712, -628, 201, 415, 5836, 3792, 13876, -1039, 54, 181
6232, 3888, 14000, -1364, -72, 3, 8860, 880, 32767, -466, 1731, 1455, 3376, 2528, 13732, -1459, 3612, 1037, 4672, 6100, 14548, -1784, 3055, 1292, 5320, 5924, 14224, -2206, 3141, 1140, 5172, 5176, 15892, -2571, 2899, 1017, 5740, 4744, 16472, -2676, 2515, 625, 5856, 4716, 16544, -2735, 2153, 217, 6112, 4988, 16348, -2775, 1832, 5, 6392, 4904, 16172, -2724, 1511, -200
6584, 4684, 16100, -2665, 1219, -455, 7536, 336, 32767, 1753, -761, 307, 1900, 3152, 15012, 183, 1098, 854, 5272, 5348, 15844, 35, 376, 911, 4972, 4708, 15524, -205, 512, 782, 4596, 4172, 16576, -588, 282, 587, 5008, 4264, 16764, -702, -37, 333, 5584, 4588, 16564, -875, -281, 21, 6300, 4804, 16332, -1089, -417, -381, 6884, 4728, 16292, -1150, -491, -800
7224, 4732, 16224, -1166, -614, -1181, 15404, -4532, 13528, 7381, -3001, -32512, 12584, -5004, 13480, 7931, -4174, -32512, 11140, -5432, 13148, 8336, -5288, -32512, 9512, -5904, 12876, 8724, -6429, -32512, 7760, -6436, 12584, 9063, -7550, -32512, 6952, -6700, 12508, 9341, -8741, -32512, 5516, -7384, 12108, 9599, -9999, -32512, 3960, -8064, 12316, 9830, -11149, -32512, 2208, -8752, 12524, 10035, -12264, -32512
320, -9524, 13040, 10273, -13340, -32512, 12156, 3912, 20820, -4045, 263, -5697, 12896, 4016, 15156, -5272, 2410, -5864, 15340, 6272, 15692, -5442, 1954, -6461, 14772, 6120, 15468, -5665, 2173, -7008, 14460, 5916, 16468, -5941, 2087, -7346, 14780, 5776, 17604, -5913, 1579, -7842, 15356, 6156, 18036, -5791, 1240, -8344, 16048, 6656, 18224, -5656, 933, -8870, 16940, 6796, 18488, -5380, 626, -9392
17808, 6716, 18680, -5058, 458, -9853, 14540, 2912, 32040, -1351, 92, -2702, 10728, 4832, 12604, -2871, 2232, -3129, 12420, 7120, 13964, -3243, 1804, -3569, 13016, 6460, 13932, -3638, 2049, -4278, 12476, 5572, 15560, -4080, 2001, -4858, 12908, 5404, 15896, -4203, 1730, -5499, 13312, 5456, 16216, -4284, 1550, -6273, 13492, 5808, 16000, -4357, 1349, -6929, 13516, 5820, 16200, -4303, 1132, -7440
13716, 5876, 16536, -4127, 902, -7868, 14700, 132, 32767, 2615, -6007, 1901, 4828, 4728, 11140, 1322, -4248, 2162, 10544, 7148, 13332, 1152, -5273, 2170, 10636, 5812, 13756, 1020, -5326, 1478, 10644, 5008, 15020, 811, -5731, 1106, 11184, 4996, 15276, 843, -6246, 667, 11676, 5268, 15048, 845, -6608, 154, 12468, 5600, 14816, 848, -6893, -341, 13132, 5492, 14824, 881, -7133, -763
13692, 5380, 15020, 984, -7265, -1150, 8032, 2060, 21684, 1304, -657, -1139, 4704, 3916, 14824, -508, 1487, -962, 10560, 5612, 14280, -1015, 554, -997, 11288, 4760, 14008, -1442, 898, -1717, 10872, 4000, 15100, -1980, 809, -2296, 11756, 3948, 15296, -2278, 465, -2915, 12848, 4504, 15164, -2650, 272, -3698, 14136, 5224, 14512, -3059, 51, -4516, 15556, 5220, 14516, -3397, -124, -5287
16892, 5560, 14528, -3706, -194, -6156, 15868, 1520, 32767, -2035, -892, -6920, 8200, 3760, 13576, -3287, 657, -7169, 11248, 6524, 13968, -3333, -14, -7694, 11400, 5880, 13820, -3538, 2, -8435, 11616, 5340, 15032, -3875, -311, -9085, 12620, 5636, 15388, -4013, -805, -9900, 12924, 5772, 15544, -4153, -1134, -10773, 13424, 6672, 15216, -4344, -1469, -11684, 13948, 6868, 15028, -4503, -1726, -12451
14440, 6960, 14920, -4622, -1920, -13271, 24336, 1740, 32044, -3161, 815, -7108, 15224, 7748, 3072, -4968, 3318, -7318, 23092, 8376, 13452, -5450, 2604, -8351, 23516, 7436, 12744, -5966, 3186, -9667, 22628, 7072, 14192, -6675, 3068, -10621, 23332, 7304, 15024, -6998, 2619, -11728, 24164, 7596, 15588, -7230, 2364, -12797, 24720, 7800, 15508, -7336, 2228, -14013, 25516, 7992, 15908, -7294, 2204, -15111
26288, 8036, 16264, -7136, 2191, -16190, 7916, -528, 32767, -384, -1713, -5410, 1408, 1556, 13376, -1657, 201, -5020, 4504, 3676, 16148, -1816, -433, -5019, 4820, 2824, 15960, -1973, -283, -5132, 4996, 2104, 17400, -2196, -385, -5241, 5744, 2032, 17972, -2184, -764, -5457, 6336, 2292, 18164, -2217, -928, -5676, 6588, 2588, 18024, -2252, -1043, -5836, 7384, 2716, 18012, -2251, -1167, -5936
7968, 2640, 18184, -2152, -1285, -6145, 8324, 744, 22632, 4664, -1474, 9424, 5324, 2676, 16400, 3452, 1417, 9700, 8340, 4820, 16376, 3119, 826, 10305, 9100, 3888, 16952, 2841, 1180, 10292, 8524, 3532, 17856, 2464, 1227, 10379, 8336, 3192, 18068, 2246, 889, 10373, 8540, 3468, 17776, 1929, 541, 10390, 9176, 3656, 17248, 1696, 320, 10371, 9908, 3396, 16956, 1517, 168, 10273
10272, 3320, 16780, 1485, -4, 10196, 16972, 676, 32220, 3433, -4848, 7739, 11248, 4468, 11656, 2204, -2806, 7773, 14932, 6272, 15032, 2033, -3374, 7641, 15672, 5340, 14912, 1714, -2996, 7108, 15744, 4592, 16208, 1350, -3028, 6658, 16704, 4692, 16324, 1135, -3296, 6079, 17160, 4992, 15988, 906, -3486, 5426, 17688, 5220, 15856, 629, -3560, 4838, 18536, 5304, 15676, 404, -3663, 4248
19708, 5260, 15864, 280, -3727, 3652, 12116, 3624, 19972, -1464, 3514, 3907, 12048, 2944, 15288, -2881, 5343, 4112, 13256, 4488, 14884, -3020, 4503, 4078, 13312, 3864, 14428, -3226, 4424, 4040, 12844, 3508, 15124, -3509, 4025, 4141, 13336, 2956, 15896, -3501, 3235, 4099, 14400, 3220, 16044, -3385, 2630, 3972, 15252, 3564, 15836, -3276, 2151, 3788, 15792, 3756, 15668, -3144, 1651, 3649
16944, 4004, 15688, -2897, 1166, 3506, 17836, 4028, 28584, -1870, -762, 3069, 12944, 6844, 5444, -3889, 1227, 2808, 16720, 8316, 12528, -4447, 615, 2320, 18124, 7504, 12468, -5074, 858, 1418, 18248, 7212, 14128, -5732, 923, 587, 19496, 7448, 15036, -6055, 729, -369, 20268, 8108, 15488, -6370, 693, -1324, 21016, 8800, 15584, -6687, 775, -2235, 21332, 8920, 15652, -6919, 869, -3180
21848, 9020, 16232, -6964, 975, -4045, 17280, 3756, 28732, -2187, 1847, 2346, 14872, 6360, 7256, -3759, 4103, 2262, 18268, 7424, 13392, -3948, 3729, 1644, 18196, 6300, 13080, -4326, 4139, 1006, 17656, 5832, 13988, -4769, 4013, 474, 18144, 5932, 14568, -5016, 3655, -87, 18244, 5960, 14472, -5254, 3233, -682, 18008, 6232, 14176, -5489, 2852, -1129, 18948, 6340, 14340, -5543, 2472, -1669
19608, 6024, 14356, -5487, 2117, -2159, 15048, 3896, 25088, -782, 1204, 2585, 14968, 4636, 17364, -1975, 3806, 1679, 15184, 7568, 15240, -2284, 3622, 1475, 16204, 7356, 13872, -2838, 3915, 1002, 15892, 6676, 15232, -3348, 3819, 416, 16640, 5812, 16340, -3572, 3467, -339, 17016, 5708, 16524, -3725, 3181, -1092, 17184, 5868, 16156, -3829, 2822, -1725, 17168, 5688, 16392, -3759, 2459, -2232
17596, 5572, 16644, -3328, 2140, -2639, 15904, 2596, 31520, 2736, -2098, 7584, 10252, 5544, 9176, 1386, -376, 7567, 14188, 7112, 14824, 1241, -1185, 7449, 14996, 6100, 14600, 1020, -1042, 6932, 14640, 5536, 15864, 739, -1337, 6531, 15368, 5892, 16052, 726, -1821, 6066, 15840, 6108, 15744, 648, -2166, 5598, 16164, 6376, 15552, 534, -2449, 5139, 16808, 6296, 15396, 416, -2710, 4680
17676, 6256, 15056, 360, -2857, 4220, 20048, 920, 28776, -317, 1199, -790, 21484, 6264, 5336, -1504, 3568, -1106, 20396, 7264, 12940, -1647, 2545, -1123, 22020, 6624, 11924, -2050, 2380, -1355, 22568, 5872, 13344, -2512, 1864, -1834, 24128, 5420, 13824, -2681, 1072, -2601, 24960, 5520, 13608, -2833, 498, -3521, 25840, 5988, 13324, -2980, 59, -4368, 26152, 6156, 13104, -3052, -279, -5114
26576, 6424, 13092, -3092, -542, -5844, 19408, 1948, 32004, 3754, -6007, 2003, 17340, 4448, 8108, 2305, -4003, 1639, 20764, 6680, 13428, 2214, -4837, 938, 21084, 6452, 12412, 1787, -4613, 11, 21252, 6312, 13240, 1137, -4889, -741, 22440, 6724, 13504, 771, -5355, -1480, 23440, 7124, 13516, 296, -5787, -2414, 24044, 7296, 13164, -154, -6010, -3426, 24588, 7504, 12880, -577, -6236, -4336
25840, 7908, 12948, -949, -6318, -5169, 20448, 3820, 24580, 347, -983, 129, 19972, 5188, 16960, -830, 887, -375, 21420, 7248, 15384, -904, 277, -890, 23176, 6664, 14000, -1215, 453, -1537, 23328, 6384, 14884, -1537, 177, -2150, 24468, 6412, 15356, -1652, -253, -2988, 25396, 6768, 15172, -1799, -638, -3857, 26496, 7236, 14564, -1948, -882, -4651, 27640, 7304, 14280, -2061, -1072, -5457
28476, 7320, 14356, -2153, -1220, -6331, 20388, 2904, 27628, -1966, -259, 1638, 19980, 7408, -960, -3650, 2632, 1039, 22828, 7336, 15752, -3703, 1872, 340, 24908, 7308, 14812, -4078, 2613, -656, 24712, 7508, 16152, -4542, 2620, -1523, 25940, 7844, 16688, -4786, 2386, -2576, 26964, 8564, 16852, -5102, 2372, -3871, 27716, 9212, 16940, -5414, 2214, -5059, 28764, 9316, 17204, -5598, 2125, -6268
29268, 9396, 17384, -5647, 2125, -7447, 12772, 3952, 30756, -1849, 1054, -1962, 8884, 8432, 4592, -3662, 3019, -2409, 13800, 8992, 13624, -3970, 2038, -3130, 16256, 8296, 12944, -4391, 2192, -4385, 15756, 8120, 13880, -4986, 1918, -5424, 16748, 8468, 13960, -5336, 1243, -6527, 18084, 8828, 13952, -5758, 706, -7783, 19644, 9236, 13920, -6159, 203, -9035, 20328, 9324, 13780, -6469, -300, -10200
21648, 9316, 13888, -6706, -721, -11486, 9480, 1056, 29504, 2630, 198, -2448, 4792, 3984, 3668, 611, 2635, -2229, 8728, 5520, 12580, 119, 2056, -2622, 9088, 5188, 11324, -625, 2485, -2930, 8496, 4720, 12392, -1449, 2515, -3230, 8652, 4768, 12624, -2053, 2209, -3664, 8564, 4952, 12672, -2754, 1882, -4036, 8956, 5176, 12796, -3408, 1585, -4407, 9316, 4812, 12984, -3850, 1301, -4757
9536, 4700, 12968, -4189, 1069, -5172, 5772, 956, 22120, 208, 296, 643, 5924, 1848, 16108, -1386, 3053, 510, 6896, 5484, 13456, -1906, 2218, 588, 8508, 5148, 13444, -2631, 2605, 307, 8668, 4656, 14252, -3379, 2597, -238, 9292, 4328, 14752, -3878, 2158, -1034, 9952, 4896, 14544, -4483, 1794, -1800, 10624, 5636, 13836, -5098, 1528, -2478, 11612, 5732, 13664, -5536, 1319, -3241
12612, 5612, 13536, -5803, 1125, -3939, 14232, -168, 32767, 1422, 1124, 1892, 8652, 2556, 12280, -473, 3921, 1711, 9120, 5896, 12244, -1053, 2884, 1960, 9592, 5360, 12104, -1756, 3059, 1975, 9724, 4332, 13676, -2453, 2999, 1793, 9828, 4108, 13716, -2863, 2536, 1410, 9576, 4308, 13724, -3306, 2106, 1089, 9656, 4524, 13552, -3715, 1723, 823, 10100, 4308, 13476, -4000, 1369, 497
10488, 4104, 13600, -4171, 986, 47, 7684, 2652, 19412, -554, 127, 1623, 5412, 3304, 14464, -2535, 2519, 1765, 8084, 5276, 13924, -2997, 1930, 1917, 7764, 4604, 13980, -3597, 2470, 1667, 6996, 4364, 14620, -4201, 2450, 1521, 6752, 3832, 15364, -4560, 2113, 1229, 6996, 4096, 15784, -4944, 1921, 923, 7168, 4500, 15284, -5301, 1938, 628, 7352, 4448, 15404, -5500, 1955, 393
7768, 4572, 15340, -5628, 1957, 44, 10540, 76, 32767, -1526, 1236, 4912, 6092, 3344, 8912, -3647, 4245, 5217, 9104, 5688, 13120, -4065, 3159, 5228, 10128, 4544, 12832, -4550, 3535, 4926, 9304, 3648, 14180, -5240, 3388, 4730, 9828, 3412, 14520, -5478, 2853, 4341, 10704, 3688, 15104, -5719, 2510, 3924, 11200, 4084, 14992, -5943, 2241, 3551, 11676, 4008, 15484, -6002, 1924, 3118
12324, 4292, 15364, -6004, 1836, 2773, 20308, 2084, 31152, -1857, 862, -1105, 16252, 6784, 3464, -3623, 3341, -1417, 17340, 8148, 13676, -3941, 1963, -1372, 19976, 7012, 14056, -4236, 1961, -1998, 19020, 6104, 15508, -4508, 1385, -2529, 19416, 5868, 16004, -4471, 525, -3015, 19576, 6192, 16008, -4437, -131, -3328, 20008, 6468, 16036, -4342, -664, -3975, 20212, 6244, 16104, -4078, -1132, -4382
20572, 6128, 16236, -3699, -1552, -4879, 14320, 660, 29120, -123, -1065, -1790, 15836, 3116, 6240, -1454, 1386, -2504, 14656, 3920, 14136, -1649, 875, -2937, 15624, 4152, 13064, -2125, 1414, -3411, 14576, 4276, 13984, -2793, 1383, -3806, 14944, 4284, 14708, -3080, 966, -4305, 15184, 4516, 14764, -3412, 645, -4788, 15560, 4740, 14312, -3720, 420, -5211, 15728, 4784, 14332, -3893, 248, -5548
16144, 4532, 14288, -3951, 104, -5728, 9540, -2908, 13220, 2415, -10499, -32512, 8664, -3056, 12904, 2229, -11330, -32512, 8064, -3244, 12684, 2001, -11969, -32512, 9684, -4408, 8568, 1233, -11615, -32512, 6192, -5904, 11132, -918, -10532, -32512, 2672, -4120, 16620, -66, -13582, -32512, 2656, -4636, 14748, -284, -14408, -32512, 3168, -6560, 11124, -1340, -15394, -32512, 1164, -5824, 10604, -2145, -15804, -32512
-180, -4688, 8596, -3342, -15617, -32512, 22660, 2596, 28772, -598, 81, -4981, 19524, 4604, 11448, -1497, 2008, -5726, 21492, 7312, 11700, -1863, 1916, -6165, 21632, 7404, 11204, -2349, 2138, -6705, 21836, 7024, 12612, -2905, 2078, -7226, 22568, 7064, 13100, -3210, 1744, -7790, 23428, 7300, 13572, -3510, 1406, -8533, 23980, 7712, 13280, -3827, 1172, -9083, 24404, 7968, 13092, -4065, 932, -9600
25132, 8180, 13036, -4261, 824, -10034, 19484, 4272, 26300, -1980, -487, -4804, 16908, 7136, 1164, -3810, 1482, -5294, 17864, 7820, 11860, -4002, 447, -5729, 18748, 7380, 10940, -4354, 476, -6365, 18488, 6912, 12000, -4699, 80, -7094, 19208, 6696, 12312, -4718, -626, -7921, 18724, 7184, 11748, -4816, -1185, -8549, 19084, 7736, 11628, -4848, -1754, -9116, 19140, 7852, 11924, -4715, -2329, -9604
19260, 7924, 11884, -4518, -2819, -10045, 19964, 1376, 31276, -1891, -380, 325, 13608, 3432, 14048, -3061, 1372, -38, 15688, 5832, 13780, -3119, 951, -269, 15920, 5328, 13372, -3307, 1153, -628, 15892, 4708, 14696, -3512, 974, -972, 16296, 4640, 14976, -3503, 516, -1524, 16616, 5060, 15252, -3549, 109, -2017, 16960, 5460, 15000, -3610, -278, -2454, 17380, 5588, 14896, -3615, -625, -2877
17956, 5408, 14924, -3511, -942, -3295, 20148, 3004, 31352, -1954, -118, 4017, 17000, 5492, 7196, -3244, 1933, 3378, 19596, 7576, 13944, -3238, 1209, 2757, 20076, 7372, 13384, -3377, 1444, 2126, 19580, 7324, 14384, -3625, 1066, 1523, 20592, 7580, 14944, -3650, 445, 726, 21232, 8096, 14824, -3681, -74, 17, 22088, 8640, 14592, -3754, -513, -778, 22576, 8592, 14556, -3733, -843, -1461
23424, 8428, 14228, -3654, -1120, -2157, 8776, 2972, 22772, -498, 1537, 2208, 7928, 4520, 14872, -2076, 3951, 1808, 8280, 7116, 13208, -2668, 3433, 1991, 10384, 6332, 12512, -3360, 3466, 1708, 10296, 5692, 13800, -4014, 3149, 1287, 10988, 4828, 14196, -4418, 2702, 725, 11368, 4636, 13784, -4791, 2303, 239, 11776, 4808, 13100, -5129, 1977, -257, 12044, 4448, 13084, -5382, 1620, -775
11984, 4280, 13544, -5445, 1252, -1195, 9924, 2588, 21812, -162, -1434, 2367, 9440, 3016, 16220, -1542, 890, 2172, 10584, 5524, 14552, -1943, 446, 2073, 10288, 5184, 14608, -2445, 783, 1743, 10120, 4792, 15340, -3009, 861, 1448, 10492, 4144, 16172, -3275, 633, 934, 10644, 4180, 16384, -3503, 389, 421, 10752, 4428, 16100, -3646, 335, -41, 10644, 4308, 16012, -3710, 273, -504
10584, 4020, 15824, -3674, 147, -838, 12508, -200, 32368, 622, -924, 5682, 7884, 2264, 13536, -926, 1106, 6246, 11604, 4820, 13592, -1214, 84, 6339, 12012, 4424, 13320, -1674, 366, 6023, 11980, 3984, 14360, -2289, 126, 5803, 12412, 4048, 14376, -2680, -412, 5420, 13344, 4324, 14056, -3161, -725, 4966, 14336, 4704, 13476, -3660, -989, 4351, 15320, 4728, 13464, -4001, -1256, 3792
16072, 4596, 13772, -4225, -1521, 3262, 16544, 1684, 29924, 909, -1413, -1013, 12224, 4048, 6248, -151, 233, -1115, 15880, 5728, 14068, -142, -563, -1503, 16448, 5108, 13128, -439, -455, -2099, 15960, 5004, 13948, -797, -874, -2494, 16864, 5280, 14408, -1025, -1373, -2978, 17424, 5776, 14460, -1320, -1798, -3606, 18280, 5984, 14264, -1640, -2085, -4204, 19176, 5924, 14128, -1854, -2329, -4847
19776, 5728, 14072, -2011, -2507, -5490, 14760, 2236, 26720, 458, 347, 4430, 9960, 6504, -160, -1534, 2459, 4348, 12836, 7896, 13304, -2100, 1258, 4266, 15340, 6972, 13364, -2749, 1447, 3476, 15140, 6652, 14648, -3496, 1106, 2839, 15868, 6624, 15012, -3900, 519, 2043, 16388, 7144, 15092, -4316, 102, 1233, 17028, 7476, 14868, -4669, -162, 389, 17500, 7184, 15204, -4845, -392, -481
17668, 7136, 15340, -4900, -618, -1218, 15268, 4200, 23816, 170, -1365, -2770, 15576, 4944, 1432, -838, 1054, -3442, 15280, 6024, 14804, -892, 589, -3636, 15680, 5540, 13928, -1097, 809, -3925, 15120, 5252, 15672, -1229, 553, -4199, 15404, 4976, 16436, -1203, -17, -4517, 15476, 5508, 15976, -1266, -436, -4782, 15956, 6004, 15424, -1369, -810, -5042, 17040, 5888, 15048, -1352, -1066, -5356
17724, 5264, 15180, -1260, -1226, -5709, 11380, 2996, 20096, 108, -229, -4447, 11644, 3476, 12836, -1598, 2109, -4814, 11524, 5560, 12240, -2038, 981, -5031, 11576, 5232, 11800, -2543, 1021, -5430, 11552, 5164, 12620, -3201, 717, -5826, 11312, 4692, 13140, -3536, -15, -6212, 11728, 4716, 13132, -3879, -751, -6834, 12088, 4940, 12940, -4097, -1331, -7347, 12284, 4788, 13248, -4232, -1988, -7759
12596, 4600, 13220, -4237, -2585, -8119, 14612, -348, 32767, 1538, -1364, 4041, 5680, 2312, 14152, 50, 596, 4712, 11772, 4644, 15024, -133, -107, 4893, 11676, 3960, 14864, -394, 299, 4557, 11180, 3488, 16016, -796, 194, 4433, 11452, 3588, 16128, -994, -132, 4098, 11880, 4264, 16192, -1258, -307, 3793, 12428, 5052, 15916, -1549, -375, 3408, 12964, 5184, 15900, -1691, -466, 2943
13496, 5376, 15980, -1746, -538, 2426, 14224, 1620, 25000, 776, -1104, 439, 10716, 5844, -1396, -908, 1279, 328, 12808, 6996, 13452, -1343, 349, 200, 15680, 6132, 13416, -1812, 740, -621, 15032, 5764, 14824, -2300, 732, -1126, 15136, 5960, 15324, -2551, 359, -1871, 15552, 6372, 15216, -2804, 66, -2554, 16012, 6996, 15132, -3075, -164, -3235, 16608, 6868, 15376, -3206, -341, -3917
17220, 6780, 15252, -3286, -507, -4601, 11012, 3612, 20000, 384, 370, -1204, 9208, 4000, 13748, -1234, 2588, -1312, 11476, 6516, 13448, -1713, 1689, -1653, 11364, 6132, 13120, -2265, 1934, -2047, 10880, 5552, 14416, -2898, 1671, -2399, 10804, 5504, 14580, -3261, 1084, -2828, 10932, 5780, 14720, -3646, 619, -3272, 11444, 5952, 14588, -3956, 259, -3714, 11896, 5852, 14732, -4111, -63, -4105
12244, 5544, 15016, -4132, -376, -4483, 22376, 280, 32767, -1983, 1960, -3838, 10744, 5632, 9900, -4012, 4317, -4251, 16504, 8156, 13368, -4568, 2958, -4326, 17576, 7444, 13800, -5039, 3094, -5255, 17060, 6784, 14948, -5541, 2765, -6004, 17316, 6716, 15020, -5698, 2065, -6864, 17880, 6968, 15336, -5771, 1526, -7678, 18552, 7188, 15084, -5832, 1181, -8505, 19136, 7160, 15368, -5735, 846, -9337
19564, 6924, 15572, -5507, 537, -10037, 18868, 1052, 32767, 1956, -1984, -5898, 10488, 4320, 14196, 408, 490, -5927, 14188, 7120, 14804, 46, -177, -6065, 15056, 6368, 14864, -552, 369, -6641, 15300, 5696, 16308, -1133, 465, -7190, 15644, 5724, 16452, -1533, 352, -7858, 16100, 6496, 16480, -2020, 437, -8591, 16792, 7048, 16060, -2431, 582, -9296, 17320, 7388, 16060, -2772, 694, -9855
17876, 7336, 16080, -3033, 871, -10511, 15024, -212, 32767, -1471, -2349, -4778, 5024, 4688, 11020, -3361, -187, -4899, 10100, 6708, 13832, -3747, -1409, -4990, 10896, 5416, 14208, -4115, -1272, -5866, 10364, 4320, 15656, -4515, -1628, -6593, 10664, 4160, 15800, -4709, -2240, -7288, 11136, 4224, 15908, -4917, -2636, -7994, 11556, 4512, 15948, -5023, -2917, -8636, 11996, 4244, 16172, -5002, -3180, -9127
