764, 208, 16728, -587, -73, -209, 2488, -2708, 32412, 534, -2373, 552, -4800, 3024, 2484, -1342, 42, 1838, 3604, 952, 16796, -1174, -768, 1087, 2488, 360, 15252, -1347, -378, 789, 872, 232, 16324, -1786, -397, 815, -92, 752, 16408, -1932, -944, 889, 236, 1100, 16804, -2168, -1377, 966, 240, 1672, 16756, -2351, -1682, 985, 296, 1740, 17112, -2334, -1995, 970
480, 1744, 17080, -2308, -2157, 900, 2320, -2120, 22328, -830, -1789, -1593, -268, -1036, 16132, -2299, 591, -963, 2168, 692, 14980, -2593, -315, -767, 2460, -32, 15608, -2800, -25, -1017, 1720, -600, 16524, -3070, -94, -1072, 780, -516, 16928, -3113, -730, -1116, 896, -232, 16792, -3298, -1112, -1158, 1028, 48, 16472, -3498, -1285, -1254, 1248, -196, 16360, -3618, -1507, -1311
1060, -504, 16432, -3687, -1731, -1341, 4984, -1644, 21320, 2650, -2503, -761, 1388, 844, 14624, 1638, -238, -237, 4808, 1480, 14344, 1112, -839, 214, 4592, 1040, 14872, 783, -565, 162, 3700, 212, 16112, 425, -960, 173, 3868, 296, 16640, 149, -1231, 123, 3492, 580, 16088, -125, -1271, 169, 3808, 656, 15644, -414, -1297, 133, 3928, 204, 15820, -559, -1261, 138
4128, -100, 16004, -643, -1165, 145, -432, -788, 22036, 968, -388, -473, -2856, -1044, 16960, -456, 1820, 12, -720, 1932, 14680, -704, 1021, 405, -448, 1584, 15396, -983, 1325, 392, -992, 996, 16148, -1232, 1205, 328, -1440, 388, 16912, -1183, 714, 281, -1332, 824, 16840, -1166, 495, 303, -1080, 1164, 16208, -1217, 393, 288, -640, 1068, 15592, -1322, 413, 289
-384, 812, 15804, -1368, 480, 208, 3952, -4492, 26896, 1698, -1545, -700, -2856, -1052, 1432, 316, 488, -51, 1504, 28, 15144, 184, -249, 150, 2268, -1272, 14236, -99, 118, 116, 2068, -1908, 16208, -337, 63, 97, 1512, -1772, 16512, -316, -418, -23, 1208, -1580, 16432, -459, -737, -44, 1476, -1276, 16412, -591, -936, -47, 1944, -1448, 16132, -657, -1089, -26
1980, -1640, 16200, -699, -1182, -35, 12384, -4176, 32280, 848, -407, -1114, 912, -972, 13264, -296, 1247, -610, 4152, 1256, 14252, -557, 751, -27, 4704, 192, 15012, -888, 842, -102, 4848, -904, 16428, -1027, 470, -225, 4400, -540, 16456, -1025, 108, -346, 4152, -440, 16284, -1012, -140, -259, 4036, 8, 15544, -1084, -263, -148, 4564, -288, 15716, -1048, -409, -130
4648, -468, 15708, -979, -497, -68, 1892, -3724, 20672, 675, -1211, -1081, -1484, -3976, 16352, -689, 895, -628, 1332, -1456, 15096, -830, 59, -381, 1676, -1892, 14928, -1132, 244, -418, 1480, -2444, 15940, -1303, 265, -488, 932, -3088, 16924, -1153, -119, -652, 584, -2736, 16892, -1159, -303, -612, 432, -2444, 16648, -1178, -436, -541, 884, -2260, 16616, -1132, -559, -489
1028, -2428, 16492, -1118, -621, -525, 3608, 2648, 24460, 433, -305, -1065, -3524, 3832, 4052, -791, 1404, -473, 500, 6232, 13748, -1121, 375, -117, 1560, 4580, 14516, -1441, 667, -188, 1496, 3884, 16036, -1646, 616, -336, 900, 4460, 16004, -1686, 159, -472, 684, 4752, 16048, -1779, -121, -353, 1020, 5016, 15740, -1865, -253, -311, 1456, 4792, 15816, -1863, -341, -283
1492, 4624, 16024, -1859, -299, -355, 4520, 3524, 24120, -422, 658, -594, 1704, 7112, 9204, -1347, 1630, 305, 5732, 5620, 15124, -1419, 1111, -237, 5656, 4216, 14840, -1580, 1506, -425, 5152, 4008, 15164, -1713, 1363, -606, 4380, 4112, 15512, -1676, 1145, -632, 4128, 4044, 15376, -1693, 937, -661, 4092, 4360, 15412, -1706, 760, -646, 4096, 4424, 15276, -1692, 668, -612
4196, 4524, 15184, -1666, 569, -609, 2260, 4160, 28224, 1498, -729, -564, 1252, 5512, 8216, 357, 1413, -422, 556, 6988, 14504, 120, 696, -113, 2196, 6264, 13968, -150, 1019, -232, 1740, 5388, 15704, -369, 1117, -265, 1316, 5208, 15868, -370, 793, -314, 1100, 5456, 15844, -426, 664, -265, 1092, 5700, 15532, -578, 567, -226, 1216, 5664, 15344, -642, 507, -204
1152, 5588, 15288, -725, 489, -118, 4640, -276, 32528, 1227, -992, -542, -32, 1232, 12400, 128, 1184, -82, 1656, 3336, 15776, 103, 533, 87, 2484, 2508, 15024, -90, 898, 86, 2100, 1652, 16680, -242, 1086, 65, 1948, 1780, 17032, -147, 821, 86, 1548, 1844, 17176, -122, 685, 113, 1676, 2180, 16792, -134, 577, 137, 1780, 2212, 16460, -153, 487, 188
1924, 2416, 16204, -200, 452, 253, 7772, 1852, 27024, 1148, -1240, -825, 2916, 3696, 7840, 69, 665, -346, 4824, 5176, 14072, -202, 120, -28, 6108, 3388, 15324, -677, 290, -241, 5696, 3596, 15696, -635, 14, -261, 5340, 3780, 15896, -725, -133, -225, 5560, 4156, 15504, -840, -225, -218, 5840, 4192, 15372, -905, -252, -272, 6044, 4048, 15364, -941, -209, -293
6080, 3840, 15636, -899, -209, -303, 7692, -3644, 30380, 504, -1379, 7, 3100, -1104, 11568, -680, 247, 268, 4768, 184, 14832, -734, -44, 368, 5456, -224, 14092, -1057, 182, 408, 5164, -924, 15732, -1300, 102, 248, 5016, -684, 16244, -1368, -138, 120, 4452, -580, 16176, -1497, -358, 46, 4608, -256, 15948, -1637, -545, 95, 4724, -624, 16032, -1711, -662, 37
4932, -696, 15972, -1766, -814, -1, 5140, -912, 32767, 431, -1449, -416, -632, 284, 15280, -917, 673, -35, 244, 2416, 15164, -1023, -178, 161, 1180, 1516, 14700, -1382, 59, 247, 904, 396, 16248, -1610, 126, 158, 904, 612, 16512, -1575, -159, 65, 728, 592, 16584, -1634, -296, -8, 568, 1116, 16368, -1678, -367, 27, 816, 1468, 16108, -1707, -443, 107
1016, 1548, 15940, -1723, -481, 131, -1160, -2672, 22380, 2451, -2160, -524, -2840, -2924, 16772, 1138, -103, -383, -1504, -844, 15096, 1084, -892, 62, -504, -632, 15016, 785, -668, 212, -668, -1256, 16036, 604, -658, 149, -920, -1756, 16776, 669, -965, 52, -1000, -1584, 17212, 632, -1107, 87, -1132, -1392, 16956, 567, -1235, 143, -964, -1128, 16476, 577, -1331, 201
-468, -1108, 16372, 465, -1246, 249, -1164, 1912, 23424, 1151, -1078, 1, -3576, 2504, 16476, -374, 1370, 247, -3036, 4484, 15492, -655, 516, 450, -736, 2924, 15360, -974, 817, 376, -932, 2420, 16384, -1177, 1090, 67, -1896, 2200, 16724, -1188, 834, -37, -1924, 2316, 17040, -1208, 776, -86, -1628, 2560, 16224, -1226, 819, -16, -1476, 2400, 15860, -1228, 856, -55
-1464, 2284, 15664, -1283, 867, -77, 1144, 4848, 21728, 853, -1273, -650, -2788, 5528, 15672, -376, 917, -290, 152, 6556, 13968, -592, -288, 16, 856, 5828, 14140, -865, -16, -46, 864, 5156, 15600, -1001, -4, -199, -52, 5352, 16064, -896, -450, -278, -172, 5384, 15792, -860, -524, -229, 124, 5664, 15260, -853, -586, -177, 472, 5688, 15320, -825, -606, -177
568, 5524, 15364, -801, -573, -198, 396, 5096, 16132, -703, -735, -838, 432, 4996, 16028, -630, -756, -890, 464, 5112, 16336, -538, -754, -830, 528, 5088, 16204, -445, -666, -742, 732, 5184, 16256, -367, -619, -709, 676, 5128, 16080, -318, -569, -693, 508, 5212, 16076, -326, -500, -729, 516, 5272, 15996, -321, -432, -607, 424, 5376, 15708, -318, -391, -551
416, 5308, 15728, -351, -328, -538, 6832, 3772, 26556, 340, -106, -1556, -4, 4420, 6088, -822, 1699, -1016, 2816, 6240, 13988, -960, 701, -657, 4416, 4936, 14056, -1184, 827, -636, 4312, 4008, 15456, -1249, 674, -753, 3976, 4076, 16028, -1099, 300, -819, 3540, 4324, 15936, -1034, 139, -770, 3496, 4836, 15556, -1035, 15, -631, 3796, 4840, 15408, -964, -63, -625
3808, 4904, 15348, -958, -92, -592, 5320, -1988, 19684, 749, -1088, -698, 2828, -1760, 15464, -475, 942, -178, 5084, 68, 14496, -556, 140, -43, 5560, -580, 14152, -932, 376, -65, 5472, -1120, 15168, -1223, 347, -164, 5108, -1552, 15784, -1248, -19, -267, 4640, -1084, 16008, -1390, -253, -322, 4648, -776, 16008, -1518, -387, -328, 4964, -660, 15888, -1529, -516, -375
5248, -636, 16068, -1555, -566, -357, 3580, -3516, 29944, 2128, -1785, -779, -816, -2416, 9432, 884, 247, -592, -640, -528, 15212, 889, -562, -111, 568, -828, 14404, 558, -373, 73, 688, -1640, 16344, 418, -468, 63, 704, -1768, 16592, 457, -874, -56, 604, -1600, 16780, 462, -1071, -46, 644, -1212, 16284, 358, -1190, 0, 856, -1108, 16160, 312, -1281, 37
1012, -1152, 16040, 259, -1267, 14, 7688, -2412, 21508, 635, -1141, -286, 4444, -608, 15324, -408, 822, 180, 6652, -24, 13928, -426, 109, 513, 7164, -336, 13784, -659, 222, 440, 7224, -1120, 15032, -859, 92, 326, 6812, -1028, 15512, -877, -243, 202, 6360, -572, 15456, -972, -446, 211, 6452, -220, 15136, -1095, -529, 213, 6792, -392, 15236, -1147, -643, 180
6956, -504, 15260, -1167, -748, 190, 6520, 1124, 31920, -113, -1151, -884, -2508, 2396, 11292, -1332, 701, -408, 312, 4640, 14336, -1469, -432, -115, 1624, 3304, 14100, -1811, -413, -98, 1500, 2184, 16204, -1925, -627, -318, 1116, 2328, 16688, -1840, -1055, -507, 872, 2544, 16652, -1733, -1257, -571, 1052, 2988, 16432, -1646, -1377, -564, 1300, 3120, 16440, -1567, -1461, -523
1572, 2820, 16332, -1521, -1481, -539, 5284, 2908, 32767, 2915, 837, -1255, -3932, 3340, 15928, 1452, 2734, -337, -884, 5364, 14932, 1442, 1823, -273, -80, 4288, 15076, 1118, 2108, -336, -772, 3740, 15968, 921, 2242, -450, -1284, 3904, 16072, 868, 1976, -452, -1636, 4168, 16344, 794, 1784, -331, -1804, 4496, 16028, 737, 1622, -240, -1428, 4516, 15764, 672, 1491, -148
-1144, 4452, 15536, 655, 1394, -45, 9764, 3088, 31616, 1310, -1901, -1125, -3696, 5132, 12412, 136, -86, -238, 2524, 6408, 14888, 10, -1155, -32, 3180, 4652, 15244, -289, -904, -155, 3000, 3776, 16380, -357, -816, -445, 2272, 4348, 16508, -326, -834, -554, 2104, 4708, 16540, -336, -711, -516, 2512, 4940, 16220, -355, -606, -491, 2628, 4936, 16360, -340, -444, -517
2828, 4868, 16260, -347, -245, -530, 4832, 4440, 18332, 1778, -3133, -1286, -984, 5344, 15252, 857, -1456, -378, 4816, 6480, 14332, 670, -2289, -84, 5108, 4868, 14856, 374, -2188, -272, 4820, 4208, 15872, 271, -2129, -466, 4384, 4380, 16164, 278, -2197, -529, 3972, 4852, 16000, 293, -2138, -452, 4252, 5204, 15736, 305, -2030, -406, 4656, 5064, 15704, 326, -1830, -402
4656, 5008, 15732, 291, -1625, -347, 6096, 2024, 28868, 843, -902, -403, -780, 4108, 7924, -617, 864, 291, 2020, 5264, 15304, -677, 113, 590, 3160, 4292, 14376, -995, 315, 500, 3416, 3580, 16016, -1202, 301, 321, 2672, 3732, 16236, -1212, 63, 174, 2296, 4040, 16316, -1287, -54, 254, 2412, 4240, 15996, -1330, -167, 241, 2708, 4208, 15944, -1379, -270, 214
2836, 4280, 15848, -1435, -275, 187, 5596, 796, 32767, -753, 632, -1357, -964, 2528, 12136, -2247, 2398, -749, 1908, 4156, 15696, -2235, 1479, -660, 2240, 3236, 14796, -2449, 1731, -696, 1944, 2404, 16244, -2667, 1709, -842, 1220, 2680, 16260, -2649, 1308, -912, 980, 2860, 16284, -2702, 1051, -775, 896, 3016, 16220, -2762, 816, -740, 1260, 3124, 16208, -2758, 684, -727
1500, 3024, 16068, -2747, 600, -656, 3180, -2388, 32767, 753, -689, -449, -1576, -756, 13980, -750, 1251, -62, -236, 1364, 16180, -683, 313, 145, 156, 976, 15436, -788, 483, 242, -4, 428, 17008, -896, 318, 146, -528, 508, 16744, -728, -168, 130, -492, 488, 16888, -747, -401, 187, -664, 900, 16348, -784, -506, 229, -464, 856, 16072, -789, -624, 237
-112, 1052, 16080, -803, -698, 245, 8992, -1120, 32632, -332, -726, -694, 1768, 1672, 12320, -1616, 972, 83, 4644, 2772, 15064, -1694, 247, -39, 4548, 2116, 14272, -1919, 445, 43, 4348, 1440, 15604, -2115, 366, 52, 3816, 1600, 15988, -2110, 28, -12, 3696, 1768, 16472, -2055, -248, -26, 3836, 1792, 16368, -2133, -457, 20, 4000, 1964, 16108, -2097, -559, 56
4228, 1724, 16036, -2069, -632, 67, 6052, 2300, 29528, 431, 195, -501, -3076, 1824, 14720, -724, 1958, -302, 164, 4488, 15352, -910, 1101, 158, 1176, 3536, 16056, -1105, 1253, 11, 600, 2548, 16884, -1115, 1065, -192, 336, 2604, 16760, -1070, 786, -310, 168, 2984, 16640, -972, 712, -303, 292, 3344, 16352, -946, 714, -219, 532, 3348, 16480, -871, 695, -210
744, 3344, 16368, -804, 663, -287, 164, 4448, 22656, 861, -1243, -89, -3532, 4840, 15688, -660, 843, 472, -1340, 6980, 15268, -904, -135, 696, 400, 5724, 14676, -1181, 137, 424, 128, 5160, 15708, -1420, 153, 230, -960, 5188, 15580, -1471, -172, 163, -860, 5252, 15800, -1500, -220, 143, -508, 5568, 15448, -1584, -254, 117, -272, 5284, 15400, -1591, -242, 95
-124, 5368, 15536, -1637, -245, 109, 5032, -68, 32767, 1007, -3266, 46, -4480, 1692, 11436, -760, -1357, 769, 280, 4272, 15468, -812, -2410, 805, 380, 3688, 14800, -1054, -2354, 662, 76, 3076, 16076, -1292, -2407, 539, -388, 3280, 15936, -1323, -2806, 469, -420, 3372, 15912, -1476, -2969, 411, -268, 3548, 15928, -1584, -2968, 314, -192, 3524, 16000, -1662, -3009, 325
160, 3496, 15924, -1762, -3024, 298, 8856, 1524, 29760, 1175, -4750, -735, -16, 4212, 8256, -252, -2953, 19, 5388, 4608, 15204, -351, -3443, -38, 5888, 3512, 14376, -577, -3073, -165, 5724, 3012, 15664, -852, -2864, -313, 4860, 3092, 16128, -805, -3061, -389, 4376, 3384, 16248, -881, -3088, -393, 4584, 3720, 15820, -984, -3105, -355, 4660, 3656, 15764, -1036, -3056, -253
5032, 3452, 15796, -1096, -2940, -279, 3380, 728, 22552, -786, -204, -570, 2640, 1592, 14648, -2291, 1794, -575, 3764, 2184, 15716, -2303, 1114, -409, 4272, 2604, 15460, -2351, 1412, -364, 4196, 2432, 16148, -2490, 1374, -410, 3424, 2148, 16700, -2431, 947, -445, 3132, 2244, 16452, -2481, 664, -447, 3044, 2380, 16312, -2607, 544, -418, 3324, 2236, 16140, -2602, 406, -389
3588, 2268, 16344, -2631, 347, -427, 4136, -3544, 32767, 482, -693, -719, -600, -2200, 13584, -936, 1368, -733, -124, 468, 16416, -852, 429, -380, 528, 480, 15852, -924, 532, -189, 360, -36, 17116, -1132, 389, -118, 76, -124, 17008, -1127, -227, -177, 244, -148, 17016, -1234, -583, -182, 416, 12, 16592, -1357, -678, -211, 668, 76, 16636, -1362, -793, -212
788, 200, 16604, -1407, -834, -220, -2240, -920, 22524, 1659, -1696, -764, -4492, -1316, 15252, 90, 405, -699, -2316, 712, 15952, 155, -598, -360, -1736, 920, 15708, 86, -550, -258, -2076, 568, 16428, -106, -617, -238, -2596, -88, 16608, -66, -1068, -218, -2464, -204, 16684, -130, -1296, -158, -2652, 36, 16348, -137, -1444, -48, -2352, -52, 16312, -57, -1556, 65
-2120, 56, 16320, -6, -1645, 42, -36, 2232, 21360, 979, -85, -50, -2032, 1272, 16728, -67, 1466, 44, -672, 2560, 17048, -102, 940, 254, 1152, 2132, 16732, -193, 1331, 42, 580, 1788, 17408, -199, 1433, -74, -168, 1752, 17448, -94, 1301, -45, -116, 1876, 17572, -45, 1376, -71, 92, 2336, 17420, 13, 1560, -112, 204, 2552, 17280, 120, 1750, -60
380, 2720, 17200, 126, 1950, -63, -356, 2204, 16568, -380, -2, -387, -380, 2148, 16624, -322, 46, -308, -240, 2172, 16504, -282, 0, -306, -356, 2148, 16656, -235, 45, -260, -320, 2196, 16592, -175, 30, -201, -284, 2200, 16524, -151, 34, -117, -380, 2328, 16556, -119, 12, -158, -420, 2232, 16444, -67, 36, -124, -544, 2256, 16568, -51, 15, -45
-480, 2464, 16420, -52, -26, -8, 6040, 1636, 31948, 1322, -4179, -46, -2220, 3476, 7428, -479, -2242, 940, 3088, 4384, 15616, -564, -3068, 933, 3452, 3216, 14932, -854, -2786, 755, 3116, 2580, 16456, -1056, -2702, 659, 2244, 2776, 16536, -990, -3012, 632, 2036, 2872, 16480, -1025, -3052, 701, 2160, 3228, 16160, -1074, -3070, 694, 2344, 3192, 16216, -1091, -3102, 772
2552, 3176, 16236, -1110, -3130, 774, 5408, 1644, 21008, -227, -630, -133, 4328, 1512, 15436, -1669, 1347, 305, 5844, 2884, 14672, -1678, 679, 504, 6096, 3056, 14192, -1921, 930, 538, 5860, 2680, 15056, -2189, 870, 499, 5292, 2560, 15700, -2119, 496, 489, 5228, 2668, 15808, -2201, 244, 524, 5344, 2944, 15356, -2297, 89, 532, 5576, 2888, 15232, -2305, 22, 535
5932, 2900, 15352, -2355, -26, 522, 3604, 768, 23864, -1507, 1032, -325, 2180, 300, 16304, -3137, 3185, -159, 3504, 2120, 15876, -3155, 2550, -18, 4344, 1860, 15116, -3419, 2928, 13, 3960, 1924, 15992, -3705, 2980, -19, 3316, 1828, 16052, -3734, 2635, -24, 3380, 1812, 16020, -3899, 2495, -40, 3384, 2088, 15740, -4093, 2524, 13, 3496, 1984, 15628, -4247, 2518, 82
3780, 1920, 15768, -4374, 2461, 13, 6784, -1704, 32767, -104, -928, 539, -56, -1200, 14588, -1410, 1035, 375, 764, 2012, 16188, -1380, 200, 644, 1380, 2260, 15984, -1479, 276, 674, 1296, 1580, 17208, -1608, 88, 553, 1188, 1420, 17080, -1587, -417, 353, 1292, 1524, 16928, -1598, -708, 171, 1416, 1636, 16692, -1651, -807, 82, 1580, 1780, 16676, -1629, -906, 25
1788, 1764, 16880, -1625, -996, -94, -344, -808, 27328, 945, -1089, 168, -988, -228, 5648, -494, 920, 370, -2248, 1188, 16700, -459, 86, 895, -1088, 1192, 15816, -558, 171, 988, -984, 1108, 16708, -703, 51, 996, -1240, 856, 17012, -660, -416, 968, -1180, 996, 16704, -710, -629, 896, -908, 1316, 16560, -706, -685, 880, -540, 1404, 16780, -635, -728, 900
-336, 1496, 16648, -600, -724, 826, 492, 2776, 20768, 2336, 1144, -1309, -2984, 1408, 15892, 1232, 2836, -1240, 408, 3652, 15108, 1113, 2066, -798, 768, 3028, 15860, 994, 2143, -944, 552, 2392, 16580, 995, 1869, -1042, -72, 2408, 16516, 1067, 1536, -1040, -124, 2648, 15988, 1112, 1391, -1006, -124, 2956, 15460, 1089, 1290, -1014, 16, 3016, 15376, 1054, 1158, -984
-8, 2864, 15496, 1035, 1022, -886, 6684, 1092, 31644, 206, -956, -910, -3316, 4044, 7500, -1590, 974, 110, 2728, 4944, 15232, -1641, -47, 28, 2704, 3248, 14872, -1960, 144, -168, 2208, 2496, 16392, -2137, 33, -360, 1400, 2672, 16220, -2092, -319, -436, 1408, 2860, 16128, -2145, -374, -379, 1968, 3068, 15828, -2155, -338, -406, 2236, 3076, 16068, -2115, -321, -424
2416, 2944, 16096, -2064, -258, -431, 4008, 3672, 20984, 2584, -3934, -1726, -1672, 4096, 16488, 1251, -2520, -873, 3232, 4648, 15620, 1268, -3531, -723, 3356, 3616, 16012, 1101, -3410, -888, 3076, 3076, 16592, 1162, -3503, -1019, 2508, 3000, 16672, 1350, -3640, -1050, 2508, 3496, 16636, 1491, -3520, -1016, 2776, 3932, 16412, 1618, -3380, -900, 2920, 4152, 16480, 1710, -3235, -785
3000, 4156, 16544, 1734, -3076, -713, 4196, 7164, 25552, 30, -1076, 71, -3632, 4048, 14044, -1083, 10, 607, 1916, 5628, 16148, -987, -818, 475, 1468, 4732, 15904, -1106, -467, 78, 432, 4272, 16372, -1123, -427, -49, 280, 4584, 16284, -979, -460, -103, 352, 4664, 16636, -878, -295, -84, 528, 5076, 16404, -791, -181, -121, 536, 5264, 16232, -741, -97, -107
616, 5560, 16152, -745, -22, -86, -208, 1876, 24308, 785, -1367, 37, -1524, 3184, 2376, -565, 719, 245, -1552, 4348, 16248, -616, -248, 565, -196, 3536, 15492, -850, -87, 562, -300, 3272, 16348, -1034, -93, 453, -752, 2896, 16512, -1065, -423, 407, -872, 2972, 16324, -1119, -488, 407, -880, 3144, 16172, -1175, -487, 471, -436, 3184, 16148, -1120, -525, 565
-216, 3168, 16268, -1128, -502, 564, 6532, 1772, 30404, 1705, -2476, -802, -732, 3308, 9152, 249, -743, -246, 3052, 4728, 15256, 205, -1581, -72, 3280, 3784, 14884, -8, -1357, -114, 3268, 3140, 16168, -120, -1411, -255, 2864, 3352, 16312, -78, -1684, -350, 2848, 3472, 16396, -110, -1726, -355, 2908, 3744, 15968, -165, -1691, -292, 3204, 3788, 15900, -201, -1602, -249
3448, 3784, 16052, -261, -1549, -290, 6168, 2660, 23040, 1563, -2554, -994, 2164, 3964, 16768, 213, -769, -298, 5508, 4524, 14560, 141, -1531, -145, 5592, 4068, 14760, -104, -1183, -243, 5604, 3472, 15980, -226, -1232, -408, 4916, 3540, 16152, -192, -1423, -424, 4548, 3708, 16244, -245, -1407, -334, 4736, 4028, 15756, -305, -1347, -304, 5088, 3876, 15760, -370, -1190, -241
5184, 3952, 15668, -405, -1121, -157, 7012, -596, 23436, 68, -838, 35, 4388, 216, 16876, -1412, 910, 630, 6196, 1716, 15396, -1305, 51, 607, 6760, 1064, 14380, -1556, 286, 515, 6580, 692, 15580, -1700, 124, 390, 6048, 608, 16040, -1674, -293, 305, 5812, 780, 15848, -1711, -520, 307, 6000, 988, 15752, -1790, -603, 273, 6284, 828, 15668, -1798, -678, 309
6504, 644, 15648, -1775, -743, 273, 3936, -472, 25320, 830, -964, -123, 2056, 508, 3620, -636, 944, 67, 2552, 1936, 15544, -679, -65, 282, 3352, 1552, 14804, -907, 150, 146, 3304, 1204, 16136, -1084, -24, 23, 2800, 984, 16320, -1103, -465, -86, 2860, 976, 16160, -1204, -591, -176, 2924, 1144, 16068, -1260, -615, -227, 3260, 1124, 15968, -1288, -629, -196
3500, 1024, 16096, -1321, -637, -267, 3256, -1236, 30016, 1485, -1410, -792, -1304, -388, 10456, 53, 662, -688, -700, 1816, 15576, -13, -296, -239, 308, 1492, 15428, -284, -172, -131, -64, 852, 16512, -463, -297, -214, -128, 808, 16312, -492, -627, -266, -204, 840, 16360, -610, -695, -353, -8, 1064, 16220, -683, -645, -317, 36, 996, 16240, -678, -631, -223
312, 940, 16252, -724, -633, -241, 5060, 748, 31556, 957, -235, 72, -5948, -292, 15592, -147, 1445, 287, -2372, 2800, 16332, -231, 630, 817, -912, 2124, 16656, -426, 850, 739, -1416, 1044, 17704, -494, 749, 649, -1592, 1052, 17456, -407, 526, 569, -1776, 1376, 17328, -336, 512, 570, -1520, 1696, 17028, -277, 487, 606, -1352, 1804, 16916, -177, 447, 674
-1184, 1864, 16588, -115, 380, 626, 5552, 1880, 31936, 774, -943, -428, -3420, 1676, 12636, -424, 982, 200, 348, 4500, 15052, -571, -11, 546, 1044, 3208, 15232, -785, 151, 333, 412, 2496, 16508, -870, 54, 219, -72, 2760, 16336, -785, -236, 129, 28, 2908, 16440, -725, -304, 252, 120, 3324, 15984, -723, -338, 294, 400, 3364, 15880, -712, -383, 297
612, 3308, 15976, -729, -438, 345, 2780, 3772, 19776, 1310, -777, -438, 1524, 3456, 16032, -361, 1106, 478, 3468, 4908, 14864, -445, 167, 150, 3448, 4680, 14628, -770, 501, -64, 2420, 3984, 15940, -978, 673, -155, 1836, 4224, 15856, -1018, 289, -116, 1632, 4556, 15472, -1127, 49, -51, 1804, 4816, 15284, -1257, -51, -53, 2108, 4784, 15352, -1280, -111, -56
2244, 4984, 15564, -1326, -140, -28, 7960, 2788, 31324, 417, -1112, -564, 1124, 4304, 10664, -1156, 839, 47, 4236, 5712, 14904, -1181, -28, 114, 4564, 4840, 14428, -1437, 178, 27, 4272, 3908, 16100, -1564, 181, -164, 3576, 4204, 15824, -1470, -145, -207, 3528, 4296, 15848, -1479, -235, -106, 3556, 4436, 15676, -1491, -211, -81, 4056, 4368, 15508, -1420, -204, -96
4292, 4232, 15640, -1354, -186, -136, 7588, 3604, 22880, 654, -307, -985, 4444, 4644, 16092, -945, 1648, -345, 6392, 6268, 14672, -1023, 828, -296, 6780, 5008, 14044, -1317, 1033, -483, 6752, 4496, 15408, -1480, 969, -667, 5900, 4548, 15612, -1459, 650, -763, 5708, 4656, 15340, -1524, 540, -739, 5924, 4904, 15144, -1590, 544, -769, 6244, 4648, 14944, -1579, 580, -851
6404, 4492, 15092, -1582, 623, -854, 7112, 104, 30400, 412, -1657, 379, -60, 1964, 7276, -983, 285, 1112, 4232, 2868, 15516, -955, -723, 1087, 4508, 2160, 15088, -1157, -554, 974, 4372, 1520, 16420, -1349, -581, 836, 3696, 1816, 16376, -1230, -975, 729, 3712, 2084, 16232, -1289, -1065, 795, 3900, 2188, 16024, -1365, -1061, 765, 4144, 2168, 15944, -1432, -1074, 748
4404, 2008, 15824, -1430, -1114, 742, 6748, -728, 32380, 135, -694, -349, 112, -156, 13432, -1142, 1158, -111, 2580, 2492, 15428, -1090, 264, 79, 2832, 1872, 15432, -1270, 439, 51, 2440, 1332, 16852, -1305, 327, -57, 2136, 1392, 16852, -1133, -98, -136, 1976, 1468, 16684, -1149, -202, -120, 2080, 1644, 16424, -1158, -225, -84, 2464, 1528, 16432, -1057, -258, -54
2828, 1640, 16376, -1017, -267, -81, 2064, 44, 26232, 672, -1771, 142, -224, 1340, 6668, -547, 65, 165, -988, 3080, 15844, -625, -878, 625, 556, 2584, 15812, -802, -880, 611, 700, 1964, 17028, -917, -768, 377, 488, 1612, 16828, -937, -1323, 292, 532, 1740, 16644, -987, -1356, 278, 756, 1920, 16460, -1070, -1279, 241, 1040, 1720, 16672, -1046, -1169, 211
1144, 1696, 16532, -1040, -1083, 224, -140, 1272, 22296, 573, 154, 129, -4592, 1628, 16384, -589, 1826, 340, -660, 3080, 16280, -646, 896, 886, -136, 2632, 16204, -728, 896, 681, -260, 2248, 16940, -775, 798, 501, -956, 1940, 16856, -649, 484, 425, -880, 2212, 16820, -547, 356, 458, -700, 2228, 16580, -469, 346, 385, -436, 2184, 16508, -347, 276, 366
-416, 2172, 16476, -300, 153, 351, 2072, 2832, 25044, 1388, -2384, -465, -3052, 3420, 8332, 311, -874, -2, -364, 4924, 16124, 212, -1656, 349, 948, 3780, 16068, 53, -1422, 197, 620, 3224, 16992, -16, -1338, 87, 108, 3280, 16864, 39, -1403, 80, 152, 3444, 16624, 14, -1240, 73, 404, 3640, 16700, -2, -1015, 111, 652, 3612, 16604, 34, -871, 123
756, 3508, 16540, -4, -702, 158, 5240, 5492, 25756, 1478, -1432, 43, -2764, 5364, 8872, 230, 59, 483, 2708, 6488, 15276, 121, -710, 457, 3052, 5052, 15584, -139, -447, 328, 2196, 4108, 15968, -242, -567, 201, 1704, 4596, 15620, -161, -782, 154, 1808, 4896, 15652, -156, -656, 178, 1904, 5408, 15592, -124, -604, 192, 2124, 5488, 15552, -101, -587, 177
2192, 5580, 15752, -80, -577, 69, 4796, 4232, 21452, 407, -353, -394, 4060, 5744, 17144, -901, 1222, 522, 5384, 6728, 15388, -951, 379, 345, 4808, 4744, 14744, -1125, 622, 134, 4584, 4720, 15632, -1210, 654, -38, 3376, 4996, 15452, -1170, 391, -38, 3456, 5048, 15604, -1167, 307, 98, 3824, 5392, 15368, -1145, 306, 128, 3984, 5284, 15112, -1096, 271, 108
3992, 5320, 15148, -1052, 206, 198, 3176, 5796, 15136, 1116, 362, 328, 3144, 5788, 15096, 1090, 261, 304, 3280, 5648, 15308, 1054, 219, 311, 3520, 5840, 15132, 1020, 173, 408, 3412, 5712, 15268, 1007, 162, 415, 3644, 5800, 15124, 987, 156, 430, 3712, 5644, 15256, 931, 149, 441, 3836, 5752, 15236, 885, 88, 409, 3912, 5876, 15028, 806, 40, 404
3932, 5876, 14924, 762, 38, 338, 4856, 2288, 21860, 508, -1428, -348, 1536, 3000, 15744, -935, 528, 340, 3752, 5024, 15296, -992, -335, 580, 5676, 4296, 14272, -1137, -170, 261, 5092, 4060, 15608, -1281, -206, 213, 4200, 4044, 15456, -1272, -597, 152, 4216, 4172, 15468, -1370, -782, 185, 4244, 4264, 15316, -1487, -825, 218, 4776, 4200, 15428, -1470, -841, 123
5044, 4184, 15452, -1500, -909, 123, 3932, 252, 32432, 774, -209, 86, 932, 1032, 12584, -624, 1830, 401, 2076, 3040, 15864, -606, 995, 523, 2340, 2740, 15088, -834, 1217, 631, 1820, 2300, 16552, -956, 1237, 662, 1568, 2564, 16632, -898, 799, 543, 1608, 2592, 16324, -955, 598, 468, 1784, 2780, 16300, -1020, 520, 459, 1996, 2888, 16144, -1054, 445, 443
2116, 3096, 16016, -1126, 308, 346, 1952, 2764, 24276, 918, -746, -609, 452, 4200, 4496, -334, 1282, -462, -792, 5316, 14892, -524, 442, -50, 1392, 4568, 14324, -768, 536, -48, 1412, 3992, 15776, -980, 527, -274, 464, 3780, 15940, -986, 120, -367, 540, 4024, 16200, -1054, 100, -309, 400, 4160, 15780, -1197, 48, -206, 896, 4224, 15324, -1249, -164, -191
1296, 4320, 15432, -1263, -302, -239, 3648, 944, 32767, 73, -1883, -468, -3236, 2604, 11284, -1637, 1, 491, 2228, 3844, 16124, -1530, -833, 264, 2000, 3028, 15284, -1695, -466, 99, 1148, 2456, 16556, -1833, -339, 37, 152, 2904, 16352, -1824, -648, 92, 48, 2904, 16476, -1846, -790, 167, 220, 3072, 16416, -1918, -826, 228, 568, 3060, 16332, -1881, -847, 299
820, 3120, 16312, -1929, -906, 366, 4736, 1388, 30792, -1175, -1134, -889, 1100, 2508, 10000, -2600, 848, -229, 3972, 3528, 16732, -2303, 84, -274, 4188, 3004, 15724, -2361, 403, -259, 3376, 2584, 17236, -2355, 504, -210, 2748, 2544, 17136, -2179, 109, -171, 2676, 2456, 17300, -2107, -63, -53, 2880, 2588, 16948, -2035, -121, 74, 3020, 2532, 16896, -1930, -202, 179
3388, 2628, 16672, -1864, -271, 258, 4420, -2592, 32767, -195, 72, 3, 884, -1276, 13900, -1642, 1924, 883, 4860, -60, 17012, -1285, 1071, 780, 5392, -464, 15876, -1325, 1560, 579, 4532, -1036, 16964, -1319, 1794, 446, 3876, -600, 16776, -1115, 1569, 412, 3464, -456, 16720, -1159, 1486, 543, 3404, -344, 16504, -1232, 1415, 623, 3712, -196, 16312, -1184, 1267, 688
4068, 0, 16056, -1250, 1165, 702, 1520, -28, 30308, 1519, -2375, -267, 724, 792, 7668, 9, 118, -381, 40, 1996, 16616, 76, -773, -105, 1208, 1960, 15628, -111, -413, -109, 548, 1540, 17212, -241, -324, -150, -136, 1512, 17212, -200, -738, -162, 40, 1536, 17472, -223, -895, -100, 124, 1816, 17156, -248, -872, -77, 408, 1788, 17092, -208, -782, -94
1020, 1712, 17152, -222, -630, -74, -676, 2988, 21372, 1332, -1895, -238, -2088, 3720, 14988, 118, 94, -134, -608, 5024, 14844, 112, -843, 65, 468, 4844, 15148, -13, -710, -80, 220, 4568, 15784, -168, -654, -261, -932, 4376, 15860, -152, -1072, -359, -1184, 4580, 15848, -236, -1185, -393, -952, 4748, 15568, -342, -1182, -387, -368, 4384, 15960, -393, -1047, -439
-292, 4152, 15708, -463, -1111, -437, 8440, 3176, 32767, 1246, -4002, -1033, -48, 3588, 14904, -243, -2177, -211, 3592, 5624, 15448, -179, -3052, -421, 3496, 4764, 15208, -410, -2645, -539, 3060, 4080, 16764, -506, -2484, -692, 2636, 4068, 16840, -407, -2704, -783, 2344, 4240, 17072, -344, -2706, -751, 2312, 4592, 16972, -303, -2625, -716, 2576, 4612, 16672, -225, -2536, -619
2836, 4684, 16696, -169, -2405, -610, 10248, 3108, 32767, 461, -4630, 66, 2108, 3856, 13184, -1025, -2876, 912, 6676, 5680, 14488, -887, -3721, 773, 6884, 5152, 14092, -1019, -3355, 565, 6360, 4524, 15488, -1120, -3174, 380, 5784, 5088, 15704, -951, -3396, 182, 5588, 5048, 15788, -922, -3509, 227, 5428, 5356, 15556, -911, -3557, 128, 5772, 5536, 15324, -907, -3573, 74
5968, 5648, 15444, -921, -3532, 12, 9024, 1796, 32200, 726, -725, -74, 4832, 3012, 12672, -784, 1268, 247, 6700, 5044, 14248, -780, 303, 279, 6956, 4656, 14008, -958, 604, 278, 6340, 4084, 15344, -1118, 526, 202, 6044, 3888, 15436, -1016, 89, 102, 5940, 4204, 15280, -1063, -129, 161, 5980, 4352, 14660, -1145, -209, 188, 6256, 4028, 14648, -1194, -266, 166
6432, 4200, 14572, -1270, -312, 151, 7588, 784, 28400, 91, -560, -1280, 1040, 3528, 3052, -1731, 1552, -614, 5848, 3972, 15016, -1765, 589, -602, 6172, 3192, 14272, -2049, 1038, -742, 5784, 2812, 15936, -2339, 1135, -884, 4680, 2612, 15848, -2405, 772, -907, 4612, 2544, 15636, -2588, 625, -772, 4904, 2716, 15204, -2789, 501, -657, 5300, 2708, 15092, -2854, 443, -682
5332, 2760, 15604, -2916, 464, -733, 8812, -432, 31124, -297, -624, -477, 2312, -156, 14572, -1814, 1657, -586, 3444, 2108, 15968, -1801, 799, -319, 3364, 2452, 15628, -1981, 1131, -284, 2584, 1940, 16464, -2159, 1065, -250, 2360, 1860, 16556, -2177, 613, -173, 2424, 1912, 16252, -2278, 421, -199, 2856, 2104, 16536, -2318, 466, -244, 3460, 1800, 16660, -2278, 645, -253
3296, 1596, 16404, -2325, 644, -195, 4328, 408, 32767, 1012, -260, -356, 36, 792, 13196, -486, 2157, -483, 408, 3572, 16244, -436, 1228, -171, 944, 3524, 15720, -686, 1594, -67, 596, 2860, 16948, -868, 1550, -122, 460, 2724, 16596, -863, 1119, -90, 404, 2632, 16624, -961, 1018, -119, 536, 2792, 16384, -1018, 1015, -183, 768, 3012, 16360, -988, 995, -228
848, 3084, 16048, -1012, 911, -229, 2796, -276, 32767, 1651, -1805, -248, -256, 736, 10520, -148, 506, -7, 372, 2404, 16732, -101, -413, 167, 792, 2252, 15408, -430, -67, 164, 364, 1724, 16780, -662, -25, 89, 144, 1656, 16592, -691, -341, 74, 180, 1568, 16372, -819, -396, 19, 200, 1756, 16240, -913, -395, 30, 368, 1788, 16328, -934, -410, -11
648, 1900, 16112, -1034, -396, -2, 412, -1924, 21560, -263, -412, -10, -2032, -1708, 17148, -1947, 1406, 681, 1716, 84, 16508, -1665, 140, 555, 1776, -32, 15856, -1755, 453, 256, 748, -824, 17076, -1882, 439, 8, 304, -660, 16972, -1806, 154, -67, 208, -268, 16880, -1887, 151, -84, 284, -180, 16732, -1995, 231, -75, 576, -236, 16712, -2009, 293, -140
996, -196, 16716, -2106, 399, -245, 4756, -628, 26032, 434, -2178, -631, -1160, 2876, -816, -1379, 163, 238, 3772, 2508, 16376, -1326, -966, 267, 4276, 1500, 15240, -1573, -610, 76, 4036, 1080, 16636, -1752, -542, -29, 3064, 1008, 16668, -1690, -903, -60, 2964, 1112, 16484, -1732, -876, 43, 3308, 1348, 16464, -1796, -785, 43, 3660, 1248, 16404, -1750, -668, 30
3820, 1144, 16728, -1707, -562, 8, 7572, -116, 27520, 358, -471, -1142, 560, 2852, 1584, -1514, 1555, -136, 6108, 2892, 15496, -1506, 513, -152, 6420, 1876, 14416, -1707, 919, -361, 6284, 1396, 16080, -1856, 902, -496, 5300, 1444, 16092, -1777, 549, -514, 5148, 1524, 15816, -1841, 517, -480, 5536, 1788, 15576, -1911, 520, -450, 5932, 1640, 15560, -1869, 551, -462
5944, 1664, 15796, -1882, 558, -530, 2848, -2064, 22516, 1172, -1038, -367, -16, -1672, 16528, -851, 1081, 402, 4204, 136, 16064, -708, -28, 360, 3816, 0, 15544, -892, 276, 137, 3528, -520, 16384, -1111, 336, 80, 2704, -612, 16528, -1113, 45, -6, 2608, -408, 16420, -1244, -28, -25, 2628, -160, 16144, -1359, -65, -10, 3040, -152, 16224, -1381, -59, -1
3284, -68, 16244, -1456, -44, -59, 4188, -468, 31664, 1130, -2115, -288, -648, 936, 12712, -54, -61, -361, -240, 3292, 15380, -99, -1015, 99, 992, 2924, 15552, -208, -908, 109, 640, 2212, 16452, -394, -970, -20, 388, 2236, 16160, -424, -1430, -73, 400, 2096, 16392, -508, -1568, -41, 556, 2328, 16164, -602, -1598, 21, 824, 2356, 16060, -571, -1595, -25
1100, 2280, 16200, -593, -1531, 9, 8760, 1392, 32767, 2047, -4806, -367, 1288, 2600, 13336, 570, -2628, 233, 3684, 5148, 14332, 412, -3502, 269, 4264, 4228, 15148, 192, -3238, 197, 3692, 3592, 16532, 41, -3221, 39, 3336, 3636, 16444, 80, -3513, -41, 3336, 4056, 16544, 79, -3518, -14, 3468, 4200, 16128, 14, -3426, -31, 3792, 4092, 15860, 45, -3327, -103
4072, 4044, 16172, 34, -3153, -145, 1900, 2596, 30228, 1481, -890, 132, 784, 3368, 8068, 272, 1532, -19, -996, 5108, 16044, 293, 546, 460, 320, 5208, 15152, 75, 699, 648, 236, 4760, 16380, -102, 539, 607, -88, 4380, 16556, -104, 35, 636, 0, 4416, 16628, -170, -146, 631, 292, 4832, 16232, -196, -135, 607, 656, 4840, 16100, -166, -113, 606
936, 4636, 16168, -201, -72, 577, 76, 1672, 19972, 985, -1176, 55, -1112, 592, 15468, -390, 665, 322, 1104, 3112, 15560, -270, -429, 407, 968, 3024, 15316, -429, -222, 348, 728, 2696, 16048, -658, -256, 312, 176, 2268, 16360, -585, -736, 293, 92, 2400, 16344, -655, -898, 297, 240, 2656, 16072, -723, -925, 233, 576, 2732, 16140, -707, -951, 268
768, 2728, 16140, -733, -944, 240, 4612, 1332, 26668, 1647, -2504, -508, -1380, 3552, 1664, 39, -428, 315, 4064, 3988, 16828, 171, -1350, 326, 3900, 2932, 15360, 14, -934, 247, 3764, 2592, 16668, -181, -827, 136, 2860, 2648, 16600, -113, -1126, 80, 2880, 2832, 16664, -206, -1180, 194, 3056, 3028, 16324, -254, -1113, 213, 3452, 2972, 16168, -233, -1045, 183
3736, 3080, 16176, -317, -988, 113, 10360, 1628, 32767, 1212, -1436, -483, 3848, 2504, 14072, -336, 398, 206, 6728, 4380, 14056, -280, -459, 45, 6772, 3652, 14052, -458, -155, -6, 6016, 3156, 15368, -511, -181, -106, 5584, 3260, 15476, -392, -517, -179, 5088, 3584, 15540, -332, -801, -135, 4984, 3928, 15272, -285, -1002, -104, 5260, 3976, 14964, -214, -1134, -147
5596, 3988, 15176, -168, -1230, -257, 11296, -68, 32767, 248, -1216, -20, 324, 732, 15520, -1428, 799, 762, 5172, 3312, 15412, -1449, -346, 734, 4888, 2564, 15280, -1652, -38, 583, 4324, 1796, 16448, -1837, -80, 429, 3760, 2012, 16412, -1801, -428, 285, 3604, 2268, 16336, -1871, -493, 301, 3648, 2440, 16008, -1923, -509, 294, 4040, 2312, 16076, -1903, -567, 289
4412, 2124, 16072, -1904, -607, 213, 1612, -72, 24936, 365, -351, -1236, -572, -160, 18124, -1260, 1659, -786, 1276, 1660, 17276, -1125, 735, -759, 2060, 1036, 15824, -1266, 1029, -769, 1612, 660, 16828, -1418, 1074, -708, 892, 608, 16688, -1363, 759, -711, 872, 600, 16912, -1384, 705, -687, 1068, 856, 16576, -1376, 736, -617, 1340, 808, 16600, -1337, 750, -546
1424, 944, 16676, -1313, 732, -541, 1228, 420, 24936, 1061, -372, -359, 1968, 1568, 5916, 1, 1777, -528, -1676, 3224, 15724, -67, 795, -21, -28, 3132, 15092, -277, 762, 90, 416, 2860, 16544, -391, 540, -32, -52, 2544, 16184, -396, -11, -87, -84, 2500, 15980, -492, -327, -169, -64, 2844, 15704, -532, -473, -179, 180, 2792, 15516, -486, -646, -214
304, 2556, 15712, -522, -843, -194, 6196, 2984, 28856, 1233, -1491, 176, -2320, 2332, 14672, 138, 261, 218, 488, 5056, 15104, 34, -598, 640, 1240, 4284, 15800, -112, -444, 601, 768, 3500, 16440, -229, -463, 441, 584, 3552, 16464, -233, -682, 318, 476, 3880, 16488, -216, -617, 361, 784, 4276, 16208, -217, -558, 384, 900, 4264, 16188, -209, -498, 444
1064, 4164, 16324, -288, -431, 380, 9080, 2616, 31916, 265, -1762, -112, 2712, 3456, 14748, -1433, 289, 597, 5076, 5200, 15056, -1411, -493, 447, 4956, 4576, 15228, -1655, -188, 293, 4104, 4004, 16160, -1866, -77, 264, 3768, 4136, 15976, -1854, -365, 236, 3720, 4220, 16168, -1941, -377, 247, 4016, 4428, 15884, -1995, -329, 233, 4428, 4280, 15816, -1952, -341, 227
4312, 4256, 15868, -1967, -307, 219, 5152, 3648, 20236, -174, -1887, -431, 5168, 3368, 16120, -1434, 7, -52, 6080, 4148, 14864, -1205, -803, -127, 6296, 3904, 14800, -1265, -588, -163, 6152, 3636, 15400, -1273, -490, -224, 5344, 3604, 15516, -1155, -771, -220, 5236, 3852, 15708, -1203, -857, -216, 5224, 4180, 15636, -1233, -853, -186, 5432, 4328, 15520, -1187, -882, -191
5668, 4292, 15612, -1189, -868, -145, 5176, 960, 27124, 850, -762, -417, 2300, 3524, 7808, -373, 1147, -300, 1988, 4588, 15080, -356, 214, 120, 3152, 4476, 14988, -556, 251, 187, 3436, 3876, 16104, -727, 107, -3, 3088, 3732, 15792, -758, -278, -45, 2828, 3808, 15592, -891, -359, -81, 2924, 4172, 15776, -977, -390, -72, 3264, 4004, 15620, -961, -403, -73
3364, 3836, 15768, -981, -402, -89, 2156, 2316, 28208, 883, -2390, 155, -312, 4328, 9316, -419, -416, 185, -1128, 5828, 14992, -256, -1306, 635, 292, 5176, 14968, -711, -1183, 676, 392, 4544, 15932, -900, -1181, 538, 104, 4388, 15784, -913, -1437, 450, 88, 4604, 15856, -983, -1351, 389, 272, 4888, 15780, -1041, -1195, 437, 344, 4824, 15788, -1047, -1048, 478
