1924, 2728, 15696, 1523, -542, -2017, 4724, -9108, 32767, 21101, -14038, -2058, 1652, -7024, 32767, 21925, -12912, -1790, 5056, -6836, 32767, 23124, -13697, -1996, 5580, -7792, 32767, 24184, -13691, -2242, 4640, -8036, 32767, 25131, -14006, -2330, 4212, -7780, 32767, 26243, -14310, -2359, 4260, -7536, 32767, 27280, -14461, -2406, 4476, -7392, 32767, 28401, -14479, -2440, 5060, -7492, 32767, 29531, -14280, -2618
5280, -7552, 32767, 30581, -13907, -2709, 5716, -6256, 32767, 17012, -12512, -3185, 2964, -5860, 32767, 16596, -11007, -3164, 5764, -4376, 32767, 17552, -11826, -3429, 6472, -4400, 32767, 18431, -11691, -4170, 6276, -5416, 32767, 19286, -11760, -4845, 5824, -5744, 32767, 20220, -11977, -5384, 5760, -5912, 32767, 21284, -11932, -5923, 5816, -5996, 32767, 22303, -11681, -6301, 5964, -6448, 32767, 23283, -11324, -6679
5580, -7036, 32767, 24219, -11002, -6974, 9052, -8316, 32767, 24746, -10113, -5593, 7620, -6340, 32767, 25575, -8368, -6354, 5960, -6000, 32767, 27470, -9402, -6517, 7148, -6208, 32767, 29045, -9552, -6977, 6712, -7248, 32767, 30581, -10101, -7340, 6780, -7824, 32767, 32492, -10721, -7780, 6520, -8504, 32767, 32767, -11137, -8256, 6364, -8832, 32767, 32767, -11465, -8533, 6296, -9096, 32767, 32767, -11715, -8658
6412, -9516, 32767, 32767, -11948, -8775, 5080, -10120, 32767, 12995, -8701, -3966, 3144, -8664, 32767, 12565, -6517, -3969, 2600, -7524, 32767, 13545, -7259, -3685, 3536, -7860, 32767, 14174, -6970, -3328, 3104, -8872, 32767, 14854, -7157, -3385, 3400, -9012, 32767, 15983, -7394, -3254, 3456, -9048, 32767, 17208, -7386, -3190, 3468, -8852, 32767, 18415, -7228, -3067, 3972, -8536, 32767, 19674, -6937, -2950
4468, -8240, 32767, 20898, -6598, -2917, 9696, -7536, 32767, 21823, -8300, -1350, 5352, -3628, 32767, 21276, -6444, -1377, 8472, -2672, 32767, 22327, -7611, -1707, 9192, -3216, 32767, 23214, -7668, -2488, 8868, -3792, 32767, 23966, -8112, -3041, 8956, -3832, 32767, 25038, -8581, -3680, 9264, -4228, 32767, 26170, -8827, -4317, 9336, -4360, 32767, 27390, -8917, -4894, 9500, -4576, 32767, 28694, -8925, -5539
9424, -5148, 32767, 30063, -8889, -6037, 4580, -2028, 32767, 4593, -2925, -206, 3540, -328, 27044, 3658, -1424, -693, 1888, 184, 32767, 3996, -2691, -480, 3300, 336, 32767, 4311, -3140, -741, 3316, -604, 32767, 4627, -3971, -1002, 3460, -1216, 32767, 5330, -5009, -1370, 3188, -1504, 32767, 6207, -5867, -1591, 3252, -1740, 32767, 7194, -6706, -1739, 3532, -1972, 32767, 8255, -7403, -1962
3804, -2280, 32767, 9617, -8098, -2130, 7056, -3104, 32767, 20076, -19297, -5613, 6708, -1936, 32767, 21423, -17331, -5694, 5712, -1380, 32767, 23631, -18032, -5356, 8048, -2164, 32767, 25788, -17884, -5498, 7504, -2696, 32767, 27837, -17973, -5562, 7728, -2792, 32767, 30044, -17772, -5612, 8228, -2660, 32767, 32123, -17577, -5650, 9116, -2632, 32767, 32767, -16910, -5744, 9916, -2884, 32767, 32767, -15943, -5860
10948, -3308, 32767, 32767, -14956, -6096, 7860, -5384, 32767, 32767, -8684, -9523, 6428, -5088, 32767, 32767, -5335, -8740, 7412, -3944, 32767, 32767, -4597, -8218, 8752, -4408, 32767, 32767, -3202, -7822, 8016, -4592, 32767, 32767, -2277, -7426, 8316, -4932, 32767, 32767, -1429, -7149, 8728, -4804, 32767, 32767, -423, -6940, 8924, -4824, 32767, 32767, 682, -6742, 9600, -4844, 32767, 32767, 1991, -6572
10012, -4988, 32767, 32767, 3264, -6525, 7356, -2060, 32767, 12697, -6776, -593, 3396, 788, 32767, 12069, -5287, -646, 5596, 1604, 32767, 13298, -6765, -922, 6468, 1136, 32767, 14529, -7373, -1560, 5740, 672, 32767, 15546, -8316, -2049, 6012, 748, 32767, 17091, -9462, -2478, 5924, 784, 32767, 18684, -10342, -2896, 6080, 920, 32767, 20350, -11105, -3331, 6664, 712, 32767, 22194, -11782, -3779
6724, 420, 32767, 24120, -12365, -4225, 6432, 760, 32767, 12631, -9734, -2, 4268, 1740, 32767, 12314, -7993, -548, 5796, 4032, 32767, 13255, -9435, -856, 6728, 4136, 32767, 14195, -9806, -1814, 6448, 3788, 32767, 15051, -10535, -2523, 6044, 3348, 32767, 16528, -11270, -3234, 5788, 3636, 32767, 17941, -11526, -3963, 5528, 3748, 32767, 19356, -11684, -4511, 5720, 3568, 32767, 20875, -11720, -5006
5492, 3004, 32767, 22359, -11679, -5395, 6056, -532, 32767, 9041, -2219, -4152, 1316, 404, 32767, 8410, -338, -3751, 5616, 1288, 32767, 9755, -1461, -3914, 5612, 736, 32767, 11056, -1678, -4524, 4892, 208, 32767, 12344, -2209, -4784, 3944, -304, 32767, 13769, -2880, -5031, 3216, -664, 32767, 15422, -3391, -5145, 2924, -1092, 32767, 17152, -3933, -5183, 3060, -1848, 32767, 19006, -4393, -5168
2880, -2304, 32767, 20917, -4846, -5087, 3444, 528, 32767, 2748, -1418, 1129, 1816, 1892, 29968, 1116, 570, 1067, 3132, 3020, 32767, 1397, -523, 863, 2772, 3036, 32452, 1680, -787, 473, 2352, 2528, 32767, 1913, -1517, 151, 2108, 2048, 32767, 2486, -2303, -263, 1648, 1876, 32767, 3144, -2882, -519, 2132, 1604, 32767, 3947, -3367, -764, 2496, 1308, 32767, 4891, -3818, -1091
2620, 1096, 32767, 5827, -4230, -1361, 5312, -1640, 32767, -1401, -833, 2303, 3316, 368, 25724, -2516, 2076, 2294, 3040, 1444, 32767, -2312, 2042, 2425, 3240, 1484, 32767, -2123, 2598, 2212, 2260, 1132, 32767, -2021, 2586, 2143, 1816, 1428, 32767, -1644, 2315, 1962, 1396, 1404, 32767, -1180, 2059, 1764, 1388, 1604, 32767, -687, 1777, 1638, 1612, 1900, 32767, -48, 1445, 1469
1928, 1724, 32767, 665, 918, 1198, 6040, -5904, 32767, 5690, -6403, -1892, -1416, -2812, 32767, 4953, -3840, -1207, 156, -712, 32767, 5569, -4804, -376, 872, -932, 32767, 6437, -4903, -174, 604, -1804, 32767, 7222, -5380, 80, 724, -1976, 32767, 8212, -5783, 103, 1104, -1844, 32767, 9338, -5861, 229, 1588, -1792, 32767, 10501, -5720, 369, 2584, -2200, 32767, 11707, -5516, 349
3244, -2348, 32767, 12590, -5359, 228, 9760, -5932, 32767, 9853, -7859, -5969, 640, -1328, 32767, 8163, -5803, -6220, 4140, -168, 32767, 8511, -7326, -5909, 5184, -1148, 32767, 9161, -7810, -6435, 3872, -2284, 32767, 9786, -8530, -6730, 2860, -2768, 32767, 10921, -9225, -6685, 2252, -3152, 32767, 12329, -9627, -6476, 2052, -4032, 32767, 13789, -9911, -6277, 2596, -4984, 32767, 15704, -10004, -6121
2368, -6012, 32767, 17640, -10028, -5911, 5568, -2264, 32767, 12018, -3738, 2210, 2476, 512, 29252, 11029, -1722, 2394, 4824, 916, 32767, 11761, -2640, 2286, 6472, 148, 32767, 12790, -2873, 1672, 6092, -268, 32767, 13470, -3262, 1215, 6032, -476, 32767, 14451, -3592, 754, 5904, -524, 32767, 15616, -3781, 247, 6416, -732, 32767, 16730, -3783, -163, 6864, -912, 32767, 17874, -3737, -552
7004, -1072, 32767, 19125, -3674, -929, 4668, -1168, 32767, 4018, -1510, 1116, 1884, -608, 32767, 2856, 1469, 1068, 4120, 784, 32767, 3440, 1016, 885, 4000, 572, 32767, 3701, 1644, 597, 3368, 4, 32767, 3862, 1724, 543, 3324, -20, 32767, 4341, 1631, 383, 3220, 28, 32767, 4788, 1568, 196, 3320, 72, 32767, 5399, 1532, 67, 3476, 288, 32767, 5979, 1475, -75
3744, 392, 32767, 6719, 1260, -202, 7136, 1896, 32767, 8753, -3538, -1682, -484, 5184, 29920, 7984, -1623, -1581, 4216, 5096, 32767, 8832, -2596, -1578, 5532, 3700, 32767, 9909, -2741, -2177, 5232, 3036, 32767, 10714, -3135, -2544, 5176, 2700, 32767, 11933, -3443, -2897, 5100, 2576, 32767, 13085, -3543, -3074, 5592, 2656, 32767, 14081, -3561, -3121, 5864, 2548, 32767, 15268, -3600, -3269
6156, 2244, 32767, 16497, -3690, -3470, -712, 812, 32767, 449, -968, 4268, -380, 2364, 26924, -279, 1526, 4306, 940, 2896, 32767, 410, 1354, 4366, 2284, 2772, 32767, 1051, 2037, 3984, 1804, 3364, 32767, 1430, 2183, 3691, 1884, 4188, 32767, 1926, 2210, 3406, 1844, 4720, 32767, 2361, 2202, 3076, 2128, 5260, 32767, 2903, 2177, 2677, 2416, 5664, 32767, 3538, 2075, 2149
2404, 5752, 32767, 4231, 1807, 1696, 984, -2964, 32767, 14746, -7030, 248, 328, -2868, 32767, 14408, -5865, 263, 2052, -1360, 32767, 15892, -6978, -125, 2916, -2040, 32767, 17381, -7479, -693, 1856, -2384, 32767, 18658, -8191, -943, 1664, -2556, 32767, 20091, -8791, -1274, 1516, -2888, 32767, 21826, -9278, -1500, 1576, -3192, 32767, 23535, -9659, -1668, 1744, -3668, 32767, 25361, -9984, -1772
1752, -3912, 32767, 27211, -10156, -1898, 380, -1280, 32767, 11129, -8005, 1561, -1240, 780, 24676, 10260, -5345, 1879, 556, 988, 32767, 11225, -5853, 2015, 2000, 540, 32767, 11743, -5185, 1906, 1532, 496, 32767, 12217, -4872, 1941, 1636, 404, 32767, 12902, -4651, 1875, 1520, 520, 32767, 13660, -4124, 1812, 1568, 876, 32767, 14351, -3614, 1712, 1900, 1024, 32767, 15050, -3059, 1567
1872, 1140, 32767, 15746, -2501, 1421, 356, 0, 32767, 4456, -4085, 3425, -304, 1192, 25572, 3952, -2884, 3170, 36, 1756, 32767, 5162, -4549, 3030, 1624, 1700, 32767, 6249, -5074, 2551, 1104, 1944, 32767, 7205, -6114, 2126, 1352, 2224, 32767, 8412, -7259, 1626, 1360, 2604, 32767, 9619, -8230, 1044, 2016, 3104, 32767, 10919, -9052, 525, 2608, 3196, 32767, 12136, -9729, -114
2776, 3232, 32767, 13371, -10286, -671, 1644, -1980, 32767, -751, -8536, 136, -928, 488, 24432, -2138, -6077, 384, 1588, 1428, 32767, -1547, -6971, 345, 1348, 1208, 32767, -1241, -6733, 133, 408, 1036, 32767, -1094, -7075, 117, -92, 944, 32767, -602, -7548, 83, -492, 664, 32767, -152, -7877, 105, -376, 508, 32767, 436, -8231, 95, -104, 356, 32767, 1154, -8461, 34
216, -228, 32767, 1986, -8696, 2, 2288, -1080, 32767, 4510, -6789, -4650, -1464, 172, 32767, 4050, -5307, -4302, 724, 1672, 32767, 5380, -6609, -4112, 4280, 656, 32767, 6737, -6902, -4703, 3680, 368, 32767, 7830, -7448, -4949, 3236, 428, 32767, 9132, -8026, -5181, 3304, 584, 32767, 10549, -8326, -5426, 3564, 704, 32767, 12020, -8481, -5648, 3664, 812, 32767, 13471, -8604, -5758
3148, 584, 32767, 14880, -8715, -5928, 1252, -3728, 32767, 6705, 1919, 475, -1636, 248, 20056, 4668, 4302, 1186, 2384, -188, 32767, 5012, 3398, 1182, 2824, -480, 32767, 5228, 3329, 890, 2016, -776, 32767, 5351, 2796, 781, 2420, -636, 32767, 5809, 2256, 565, 2664, -584, 32767, 6346, 1941, 435, 3488, -444, 32767, 6976, 1705, 306, 3880, -516, 32767, 7685, 1475, 31
4368, -616, 32767, 8539, 1111, -231, 4740, -460, 32767, 1845, -9274, -283, -884, 968, 32767, 1351, -7850, 242, 4276, 1680, 32767, 2480, -8930, 62, 5068, 1276, 32767, 3563, -8939, -419, 4748, 1324, 32767, 4358, -9140, -717, 5192, 1624, 32767, 5426, -9429, -1043, 5492, 1648, 32767, 6472, -9483, -1407, 5864, 1696, 32767, 7581, -9431, -1786, 6148, 1872, 32767, 8866, -9325, -2263
6152, 1836, 32767, 10241, -9162, -2667, 4608, -2632, 32767, 9093, -1364, -182, 2136, -2208, 32767, 8817, 592, -71, 5232, -44, 32767, 9862, -659, -146, 5388, -8, 32767, 10749, -959, -631, 4956, -424, 32767, 11578, -1621, -867, 5072, -404, 32767, 12602, -2230, -1151, 5116, -400, 32767, 13822, -2385, -1480, 5036, -344, 32767, 15161, -2421, -1647, 5328, -308, 32767, 16637, -2341, -1823
5260, -820, 32767, 18175, -2287, -1954, 9384, -1240, 32767, 8778, -6696, -2331, 336, 1616, 29168, 7103, -4347, -2159, 4132, 2224, 32767, 7439, -5467, -2147, 4712, 1288, 32767, 7668, -5184, -2524, 4152, 416, 32767, 7923, -5295, -2663, 4044, 520, 32767, 8507, -5417, -2836, 3908, 712, 32767, 8996, -5242, -2952, 4180, 728, 32767, 9566, -5045, -3058, 4684, 652, 32767, 10357, -4815, -3117
4644, 444, 32767, 11163, -4602, -3154, -1684, -2928, 32767, 976, 504, -1832, -3632, -2964, 32767, 281, 2745, -467, -1860, -1572, 32767, 1581, 1406, 89, -196, -2784, 32767, 2976, 1186, 240, -944, -2972, 32767, 4158, 540, 572, -1040, -3168, 32767, 5676, -296, 797, -900, -3192, 32767, 7280, -1101, 1079, -220, -3052, 32767, 8968, -1937, 1245, 620, -2884, 32767, 10704, -2765, 1249
948, -2908, 32767, 12510, -3639, 1219, 3888, -1728, 32767, 7074, -8986, -90, 3328, -1572, 28240, 6676, -8650, -808, 3192, -376, 32767, 7576, -10461, -910, 4612, -756, 32767, 8446, -11080, -1336, 4232, -1052, 32767, 9428, -11891, -1672, 4340, -1092, 32767, 10563, -12533, -1922, 4348, -1152, 32767, 12007, -12793, -2138, 4664, -1240, 32767, 13247, -12770, -2238, 5016, -1208, 32767, 14522, -12532, -2310
5476, -1432, 32767, 16014, -12071, -2348, 5436, -2384, 32767, 3901, -4562, -343, -660, 780, 28228, 2362, -1676, -2, 2740, 2144, 32767, 2795, -1881, 79, 4792, 1452, 32767, 3403, -768, -593, 3744, 1508, 32767, 3898, -731, -1011, 3212, 1344, 32767, 4727, -580, -1412, 2440, 1452, 32767, 5677, -306, -1687, 2440, 1392, 32767, 6753, -31, -1978, 2488, 1008, 32767, 8088, 108, -2241
2132, 548, 32767, 9549, 216, -2449, 2180, -560, 32767, 996, 1636, 421, -1592, 1704, 25888, 563, 2293, 530, 548, 2384, 32767, 2083, -39, 212, 1628, 1920, 32767, 3376, -1054, -210, 1408, 1716, 32767, 4541, -2465, -628, 1588, 1764, 32767, 5997, -3918, -1220, 1560, 1604, 32767, 7387, -5064, -1651, 2116, 1544, 32767, 8853, -5993, -2044, 2472, 1344, 32767, 10214, -6701, -2336
2732, 1004, 32767, 11784, -7408, -2750, -860, 8, 32767, -3610, 7404, 2954, -548, 1268, 22924, -4222, 9113, 3045, -584, 1592, 32767, -3111, 7614, 3163, -152, 1564, 32767, -2319, 7169, 3056, -1060, 1948, 32767, -1608, 6078, 3002, -1612, 2420, 32767, -720, 4768, 2989, -1816, 2452, 32767, 263, 3479, 2831, -1388, 2876, 32767, 1309, 2342, 2622, -1172, 3140, 32767, 2380, 1202, 2423
-1116, 3248, 32767, 3421, 45, 2216, 6692, 164, 32767, 2743, -2086, 872, -1140, 2864, 32767, 2378, 125, 1684, 3648, 3668, 32767, 3971, -1066, 2087, 3868, 3060, 32767, 5486, -956, 2064, 3388, 2756, 32767, 6969, -1222, 2247, 3584, 3144, 32767, 8807, -1590, 2313, 3900, 3336, 32767, 10587, -1699, 2339, 4340, 3504, 32767, 12314, -1747, 2286, 5340, 3704, 32767, 14203, -1800, 2054
6012, 3872, 32767, 15925, -1925, 1832, 3700, 1824, 32767, 2401, -4218, 703, 1224, 4412, 32767, 1688, -1717, 1240, 3520, 4276, 32767, 3043, -2700, 1206, 3732, 3724, 32767, 4287, -2427, 990, 3392, 3408, 32767, 5374, -2552, 897, 3272, 3508, 32767, 6745, -2706, 876, 2816, 3188, 32767, 8088, -2819, 920, 2780, 3056, 32767, 9613, -2945, 945, 2596, 2472, 32767, 11260, -3105, 955
2600, 2356, 32767, 12701, -3332, 1053, 4460, 200, 32767, 920, -4885, -92, 1092, 3876, 21364, 74, -2997, 308, 4312, 2808, 32767, 1285, -4948, 11, 4824, 1984, 32767, 2334, -5529, -323, 3940, 1836, 32767, 3147, -6550, -430, 3772, 1684, 32767, 4461, -7726, -542, 4044, 1652, 32767, 5930, -8654, -639, 4596, 1528, 32767, 7421, -9211, -766, 5312, 1240, 32767, 9199, -9681, -921
5636, 1232, 32767, 11000, -9938, -1031, 4980, 1908, 32767, -275, 7154, 2938, -1464, 6584, 13992, -1606, 9558, 2918, 1800, 7096, 30140, -1374, 8305, 2893, 3108, 6620, 30132, -1156, 7948, 2174, 3180, 6496, 31212, -1115, 7069, 1510, 2676, 6556, 31556, -804, 5942, 927, 2248, 6608, 31812, -387, 4918, 420, 2324, 6736, 32676, 88, 3982, -138, 2368, 6676, 32767, 735, 3001, -626
2532, 6364, 32767, 1563, 1851, -1209, 5268, 616, 32767, 1894, -4250, 4033, -396, 4332, 20328, 700, -2604, 4501, 5480, 4480, 32767, 2136, -5141, 4054, 5404, 3868, 32767, 2853, -6548, 3675, 5744, 4008, 32767, 3691, -7720, 3182, 5908, 3820, 32767, 4626, -8684, 2693, 6540, 3984, 32767, 5813, -9693, 2165, 7220, 3944, 32767, 7126, -10560, 1497, 7692, 3800, 32767, 8396, -11349, 837
7884, 3604, 32767, 9824, -12084, 252, 12048, 4492, 32767, 9968, -3, -9102, 6192, 6736, 32767, 9254, 1925, -8894, 10092, 5376, 32767, 10864, 476, -9329, 9908, 3848, 32767, 12239, 684, -9698, 9096, 2884, 32767, 13364, 669, -9935, 8764, 2168, 32767, 14872, 655, -10016, 8424, 1800, 32767, 16390, 952, -9943, 8128, 1688, 32767, 17834, 1287, -9691, 8264, 1416, 32767, 19403, 1718, -9411
8856, 1020, 32767, 20951, 2390, -9182, 272, 1148, 32767, 6024, -7952, 5364, -3308, 4240, 22120, 4321, -5896, 6010, -940, 4428, 32767, 4497, -7340, 5947, -704, 3880, 32767, 4495, -7393, 5890, -984, 3412, 32767, 4373, -7757, 5742, -1428, 3380, 32767, 4638, -8260, 5667, -1456, 3124, 32767, 4820, -8514, 5711, -1348, 3124, 32767, 5191, -8701, 5613, -888, 2984, 32767, 5698, -8828, 5532
-640, 2672, 32767, 6323, -8957, 5515, 5064, -1696, 32767, 167, 8293, -2234, 1096, 32, 32767, -793, 10749, -1788, 1444, 1376, 32767, -153, 9685, -1101, 2156, 888, 32767, 402, 9491, -822, 1332, 468, 32767, 1047, 8769, -628, 1112, 712, 32767, 1994, 7828, -411, 776, 1012, 32767, 3017, 6983, -33, 964, 1160, 32767, 4246, 6121, 275, 1344, 1364, 32767, 5535, 5180, 448
1692, 1472, 32767, 6980, 4127, 581, 3156, -772, 32767, 10213, -1318, 903, -1552, 1456, 26188, 8873, 240, 1558, 2128, 2496, 32767, 9490, -1178, 1370, 2592, 1852, 32767, 10049, -1574, 930, 1812, 1620, 32767, 10331, -2133, 761, 1444, 2072, 32767, 10824, -2786, 597, 1392, 2180, 32767, 11307, -3126, 542, 2084, 2372, 32767, 11803, -3118, 393, 2864, 2608, 32767, 12550, -2978, 304
3056, 2772, 32767, 13087, -2698, 187, 9668, -2256, 32767, -375, 3629, -252, 1812, 720, 32767, -1966, 6824, 238, 4304, 3484, 32767, -1677, 5824, 774, 5364, 3832, 32767, -1410, 6075, 651, 5060, 3528, 32767, -1210, 5775, 446, 4764, 3516, 32767, -585, 5191, 192, 4524, 3992, 32767, 8, 4884, 31, 4800, 4208, 32767, 662, 4620, -264, 5644, 3968, 32767, 1468, 4337, -736
6064, 3648, 32767, 2379, 3895, -1194, 6512, 2184, 32767, 6000, -1422, -1849, 1592, 4964, 23516, 3925, 941, -1725, 4368, 5472, 32767, 4005, -31, -1939, 5636, 5056, 32767, 3966, 277, -2550, 5260, 4636, 32767, 3894, 153, -3138, 5108, 4648, 32767, 3999, -34, -3600, 5132, 4440, 32767, 4131, 54, -4062, 5620, 4544, 32767, 4331, 262, -4446, 5824, 4436, 32767, 4637, 503, -4885
5844, 4068, 32767, 5036, 673, -5304, 8028, 1524, 32767, 8136, 1709, -3518, 3624, 5260, 18180, 6492, 4746, -3089, 6680, 4600, 32767, 7183, 3582, -3137, 7536, 3984, 32767, 7643, 3897, -3487, 6632, 3700, 32767, 7924, 3850, -3747, 5800, 3868, 32767, 8647, 3326, -3960, 5496, 3888, 32767, 9388, 3124, -4052, 5392, 3612, 32767, 10256, 3047, -4120, 5912, 3364, 32767, 11228, 3027, -4336
5896, 3144, 32767, 12156, 3030, -4542, 6960, 2520, 32767, 17040, 4186, -3779, 4360, 2368, 32767, 15966, 7449, -3553, 7012, 3724, 32767, 16569, 7015, -3578, 6404, 3428, 32767, 17201, 7744, -3831, 6012, 3048, 32767, 17706, 8083, -3961, 5060, 2684, 32767, 18592, 8141, -4076, 4336, 2708, 32767, 19516, 8504, -4132, 4060, 2596, 32767, 20495, 8952, -4091, 4056, 2260, 32767, 21614, 9280, -4047
4092, 1584, 32767, 22765, 9562, -3971, 6396, 1544, 32767, 5965, 2458, -218, 4764, 1164, 27908, 4360, 5497, -14, 7384, 2936, 32268, 4414, 5087, 95, 7588, 2440, 32516, 4559, 5730, -214, 7368, 2060, 32767, 4524, 5773, -482, 6932, 1472, 32767, 4951, 5522, -871, 6760, 1648, 32767, 5349, 5489, -1176, 6944, 1920, 32767, 5897, 5403, -1531, 7100, 2072, 32767, 6567, 5207, -2017
7272, 2032, 32767, 7385, 4919, -2424, 1860, -412, 32767, 3668, 3660, 1679, -280, 1524, 32628, 1471, 6640, 2159, 1076, 3224, 32767, 1384, 5755, 2339, 3292, 2312, 32767, 1336, 5899, 2112, 3384, 2072, 32767, 1214, 5641, 1840, 3116, 1600, 32767, 1404, 5135, 1605, 3016, 1604, 32767, 1622, 4809, 1390, 3448, 1660, 32767, 1969, 4553, 1138, 3768, 1212, 32767, 2521, 4180, 900
4008, 876, 32767, 3215, 3677, 674, 4824, -980, 32767, 2069, 2644, -1722, 2144, 2524, 17032, 2, 5244, -1395, 3132, 3272, 30692, 299, 3965, -1298, 4516, 3024, 30424, 411, 3948, -1506, 3292, 2488, 31696, 320, 3279, -1599, 2656, 2384, 32680, 628, 2351, -1630, 2108, 2192, 32767, 1037, 1677, -1660, 2200, 2180, 32767, 1593, 1077, -1635, 2384, 1996, 32767, 2431, 500, -1569
2408, 1932, 32767, 3321, -163, -1615, -3264, -5372, 32767, -3347, -1046, -440, -4844, -4440, 31048, -4811, 920, 563, -1992, -3680, 32767, -4145, -827, 874, -740, -3632, 32767, -3551, -1148, 853, -812, -4160, 32767, -3078, -1856, 745, -256, -4404, 32767, -2373, -2733, 579, 20, -4476, 32767, -1695, -3357, 381, 1080, -4416, 32767, -892, -3863, 66, 2180, -4500, 32767, 73, -4344, -346
2624, -4924, 32767, 1130, -4778, -844, 496, -3588, 32767, 2678, -1098, 384, 236, -704, 8888, 803, 1393, 595, -1392, 8, 25712, 453, 359, 933, 1140, -744, 27348, 308, 424, 697, 1116, -892, 29024, 52, 203, 387, 512, -1284, 29856, 97, -206, 56, 352, -1232, 30252, 20, -384, -320, 636, -1168, 31316, -30, -459, -684, 1112, -1304, 32644, 131, -506, -1054
1132, -1292, 32767, 269, -541, -1522, 9784, -5816, 32767, 2099, 2148, -4359, 108, -3980, 26652, 387, 4885, -3836, 3952, -2408, 30568, 510, 4042, -3670, 4468, -2984, 30956, 667, 4329, -4147, 3684, -4152, 32320, 743, 4092, -4528, 3416, -4372, 32224, 1005, 3617, -4788, 3244, -4552, 32660, 1122, 3253, -4951, 3532, -4872, 32767, 1307, 2713, -5158, 3816, -5308, 32767, 1657, 2088, -5397
3464, -5920, 32767, 2171, 1374, -5484, 3876, -4432, 32767, -128, -1054, -5772, 260, -464, 9144, -2204, 1975, -5019, 1136, -1572, 23760, -2210, 767, -4636, 2960, -2468, 24004, -2435, 1126, -4785, 1956, -3304, 25312, -2641, 1108, -4932, 1020, -3572, 25484, -2613, 883, -4857, 564, -3684, 26168, -2590, 1032, -4627, 1116, -3580, 26832, -2497, 1372, -4387, 1412, -3764, 27852, -2252, 1669, -4203
1364, -3832, 28532, -1922, 1918, -3889, 9560, -4624, 32767, 1643, 1864, -3706, 4448, -2284, 29324, 298, 4535, -3724, 5776, -924, 32767, 665, 3599, -3568, 6384, -1260, 32767, 943, 3831, -3733, 5752, -1712, 32767, 1253, 3730, -3838, 5416, -1796, 32767, 1777, 3358, -3897, 5080, -1488, 32767, 2364, 3233, -3934, 5244, -1424, 32767, 2980, 3137, -4057, 5756, -1380, 32767, 3673, 3023, -4256
6048, -1608, 32767, 4445, 2914, -4362, 8076, -6768, 32767, 6693, 370, -788, 5856, -3972, 27736, 5960, 2618, -630, 6856, -3536, 32767, 6766, 1312, -686, 9084, -3920, 32767, 7544, 1252, -1138, 8152, -4344, 32767, 8289, 781, -1379, 7644, -4212, 32767, 9160, 153, -1664, 7748, -4204, 32767, 9986, -176, -1914, 8236, -4352, 32767, 10936, -427, -2199, 8940, -4660, 32767, 11934, -597, -2554
9020, -4920, 32767, 12929, -751, -2904, 4392, -4300, 32767, 2912, 629, -1675, 3948, -2004, 18940, 1784, 3343, -1968, 5356, -2912, 32767, 2395, 2239, -2347, 7188, -3748, 32767, 2962, 2275, -3062, 6916, -4056, 32767, 3410, 2039, -3543, 6728, -4052, 32767, 4186, 1390, -4130, 6720, -3684, 32767, 5038, 1015, -4665, 7024, -3700, 32767, 5885, 678, -5197, 7472, -3988, 32767, 6820, 324, -5715
7356, -4208, 32767, 7910, -126, -6219, 4932, -5888, 32767, 11538, -359, -4458, 2644, -3628, 26884, 11040, 1775, -4242, 1896, -3116, 32767, 12046, 164, -3792, 4144, -4436, 32767, 13237, -254, -3945, 3304, -5344, 32767, 14469, -1212, -4031, 2524, -5768, 32767, 15893, -2349, -3990, 2024, -5860, 32767, 17358, -3196, -3895, 2396, -6060, 32767, 18842, -3987, -3738, 2780, -6468, 32767, 20424, -4754, -3689
2708, -7124, 32767, 22078, -5485, -3592, 7476, -4676, 32767, -691, 2707, -2610, 1284, -2640, 25316, -2295, 5336, -2667, 696, -432, 28132, -2310, 4161, -2313, 1788, -552, 28172, -2408, 4115, -2242, 1468, -1412, 30316, -2485, 3611, -2387, 1688, -1472, 30468, -2287, 2897, -2701, 1932, -1404, 30968, -2066, 2522, -2901, 2184, -1364, 31448, -1712, 2258, -3063, 2616, -1244, 32560, -1233, 1886, -3187
3116, -1564, 32767, -647, 1497, -3386, 2268, -4240, 32767, -1061, -2195, -1924, 2528, -4496, 32767, -1738, 226, -2178, 3312, -3308, 32767, -1223, -616, -2021, 4312, -3772, 32767, -663, -487, -2209, 4316, -4308, 32767, -216, -810, -2412, 4124, -5052, 32767, 561, -1359, -2638, 4072, -5148, 32767, 1257, -1479, -2829, 4096, -5276, 32767, 2158, -1616, -2891, 4344, -5404, 32767, 3163, -1791, -2908
4296, -5680, 32767, 4260, -1984, -2929, 6124, -4000, 32767, 7365, 2317, -5093, 8188, -3016, 27292, 6902, 4008, -5693, 4692, -2208, 32767, 7375, 3135, -5411, 6304, -2328, 32767, 8055, 2904, -5435, 6564, -2652, 32767, 8658, 2403, -5664, 7112, -2964, 32767, 9646, 1784, -5988, 7380, -3012, 32767, 10730, 1335, -6441, 7368, -3064, 32767, 11798, 882, -6730, 7644, -3116, 32767, 12939, 340, -6939
7744, -3172, 32767, 13887, -94, -7225, 5392, -5808, 32767, 4298, 949, -1491, 2320, -2148, 24144, 2877, 3223, -745, 5212, -3012, 32767, 3405, 2166, -549, 6832, -3688, 32767, 3971, 2171, -761, 6220, -4356, 32767, 4249, 1719, -664, 6356, -4588, 32767, 4825, 1157, -618, 6636, -4720, 32767, 5474, 889, -693, 7136, -4808, 32767, 6299, 646, -890, 7652, -5080, 32767, 7308, 424, -1094
7656, -5220, 32767, 8435, 162, -1276, 9192, -6688, 32767, 22539, -3896, -3224, 2788, -3816, 32767, 21820, -1924, -2744, 6676, -2240, 32767, 22764, -2684, -2716, 7320, -3172, 32767, 23565, -2546, -3035, 7556, -3564, 32767, 24009, -2556, -3340, 7636, -3248, 32767, 24706, -2450, -3659, 7336, -3080, 32767, 25199, -2056, -3834, 7392, -3060, 32767, 25671, -1649, -4040, 7680, -3164, 32767, 26116, -1220, -4133
7524, -3412, 32767, 26578, -603, -4223, 4740, -2884, 32767, 8709, 899, -2593, 3904, -2564, 32767, 8088, 3533, -2322, 4844, -1400, 32767, 8926, 2490, -2150, 4864, -1984, 32767, 9881, 2578, -2275, 4536, -2244, 32767, 10647, 2368, -2294, 4548, -2808, 32767, 11872, 2092, -2510, 4492, -2476, 32767, 12717, 2285, -2639, 4576, -2508, 32767, 13969, 2470, -2702, 5008, -2520, 32767, 15132, 2711, -2726
4936, -2452, 32767, 16261, 2922, -2821, 5824, -6712, 32767, 9005, 2530, -6087, 6380, -3744, 28988, 8178, 4556, -6059, 4588, -2580, 32767, 8690, 3702, -5522, 5884, -2508, 32767, 9161, 3339, -5171, 6488, -2668, 32767, 9715, 2542, -5204, 6912, -2900, 32767, 10556, 1721, -5387, 6876, -2396, 32767, 11306, 1241, -5601, 6732, -2144, 32767, 12085, 807, -5672, 6816, -2108, 32767, 12943, 519, -5685
6920, -1928, 32767, 13784, 274, -5827, 9548, -1124, 32767, 4090, -418, -2806, 5520, -808, 32767, 2596, 2300, -2462, 9832, 1080, 32767, 3197, 1292, -2134, 10268, 984, 32767, 3813, 1705, -2587, 9972, 448, 32767, 4381, 1810, -2863, 9484, 228, 32767, 5282, 1671, -3053, 9604, 588, 32767, 6123, 2010, -3195, 10144, 880, 32767, 7045, 2362, -3332, 10884, 804, 32767, 8069, 2659, -3574
11004, 720, 32767, 9090, 2863, -3767, 11320, -4180, 32767, 23511, -356, -7101, 7036, -316, 32767, 22380, 2919, -6797, 9068, -936, 32767, 23052, 2338, -6576, 10972, -2020, 32767, 23838, 2980, -6915, 10240, -2492, 32767, 24317, 3437, -7121, 10164, -2508, 32767, 25078, 3846, -7295, 9916, -2304, 32767, 25774, 4576, -7387, 10156, -2060, 32767, 26510, 5363, -7412, 10236, -2032, 32767, 27243, 5955, -7479
10340, -2240, 32767, 28035, 6607, -7592, 3948, -2620, 32767, -3606, -19, -2972, -132, 944, 8640, -5494, 2134, -2748, 380, 1044, 27512, -5441, 744, -2385, 1852, 476, 28572, -5398, 282, -2524, 1804, -56, 31612, -5187, -496, -2536, 916, -332, 32767, -4668, -1556, -2572, 672, -396, 32767, -4111, -2320, -2526, 904, -496, 32767, -3435, -3040, -2470, 1540, -944, 32767, -2521, -3833, -2434
1616, -1576, 32767, -1537, -4641, -2483, 9384, -3108, 32767, 1718, -977, -1046, 532, -696, 18112, -254, 1410, -300, 3540, 704, 22300, -201, 267, -191, 3404, 916, 21580, -316, 396, -319, 3340, 412, 23136, -519, 125, -437, 3156, 492, 23236, -453, -346, -635, 2884, 852, 23420, -465, -595, -846, 3228, 1008, 23852, -446, -638, -1028, 3856, 1152, 24504, -345, -721, -1352
4032, 1112, 25272, -277, -779, -1683, 4684, -2152, 32767, 1687, 308, 338, -2156, 2144, 4424, -422, 2910, 678, 2084, 1828, 23836, -418, 1676, 512, 2340, 1284, 23168, -643, 1701, 229, 1724, 1020, 24900, -924, 1468, -21, 1140, 1312, 25472, -917, 935, -337, 1172, 1316, 26276, -1078, 711, -643, 1764, 1180, 26924, -1203, 674, -979, 2284, 812, 28048, -1229, 518, -1313
2340, 764, 28668, -1240, 266, -1659, 7292, -5604, 32767, -341, 90, -659, -704, -3888, 24524, -2151, 3385, 507, 3232, -2216, 28908, -1865, 2613, 789, 3048, -1676, 28252, -1937, 3185, 1033, 2596, -1816, 28904, -2123, 3441, 1240, 2440, -1392, 29308, -1955, 3247, 1225, 2492, -516, 29628, -1906, 3259, 1257, 2872, -12, 29640, -1889, 3376, 1237, 3500, 696, 30016, -1782, 3420, 1066
3860, 1020, 30816, -1610, 3368, 824, 7512, -3468, 32767, -1959, -5628, 2067, 256, -824, 17832, -4314, -3134, 2220, 3216, 644, 24816, -4592, -4097, 2180, 3100, 732, 24644, -5007, -3904, 1899, 2416, 72, 26500, -5410, -3892, 1631, 2288, 4, 26920, -5474, -3998, 1381, 2164, 428, 27520, -5576, -3761, 1213, 2376, 504, 28400, -5599, -3460, 1154, 2836, 596, 29572, -5474, -3058, 951
2856, 560, 30592, -5256, -2669, 736, 1844, 1364, 32767, -2481, 304, -1788, -584, 2220, 30568, -4078, 2283, -1243, 984, 3264, 32767, -3655, 827, -1116, 436, 3340, 32767, -3317, 510, -1118, 168, 2876, 32767, -2980, -150, -1053, -636, 2240, 32767, -2283, -1156, -1043, -952, 1936, 32767, -1554, -1822, -891, -772, 1660, 32767, -656, -2371, -753, -316, 1236, 32767, 353, -2945, -669
-300, 884, 32767, 1432, -3445, -618, -344, -632, 32767, -612, -1665, 320, -2732, 568, 32767, -1504, 556, 1086, -20, 1668, 32767, -970, -470, 1553, -348, 1364, 32767, -454, -509, 1600, -704, 1312, 32767, -10, -1006, 1723, -944, 1308, 32767, 652, -1502, 1798, -1248, 1628, 32767, 1213, -1813, 1795, -824, 1948, 32767, 1837, -2130, 1746, -88, 2096, 32767, 2535, -2498, 1619
296, 2132, 32767, 3238, -2906, 1431, 3664, -208, 32767, -3760, 873, 954, -2260, 3168, 13844, -5170, 2221, 1575, 2268, 2532, 32767, -4567, 395, 1353, 2356, 1768, 32767, -3998, -534, 1138, 2036, 1804, 32767, -3545, -1713, 964, 1884, 2012, 32767, -2781, -2974, 789, 1688, 2100, 32767, -1867, -4153, 640, 2080, 1964, 32767, -829, -5123, 549, 2856, 1884, 32767, 262, -6050, 476
3152, 1604, 32767, 1556, -6941, 359, 3444, -140, 32767, -2271, -7346, -3, 1388, 880, 27892, -3870, -4874, 456, 4164, 1928, 29896, -3635, -5635, 189, 3464, 1880, 30064, -3632, -5186, -107, 3204, 1532, 31092, -3756, -4997, -306, 2752, 1368, 31892, -3614, -4998, -533, 2708, 1396, 32660, -3523, -4630, -742, 2572, 1476, 32767, -3421, -4122, -785, 2676, 1448, 32767, -3265, -3658, -840
2464, 1212, 32767, -3088, -3236, -892, 3268, 468, 32767, -2603, -1493, -1404, -2376, 3944, 14324, -3918, 734, -592, 1820, 3508, 32272, -3287, -496, -435, 2160, 2912, 32767, -2757, -622, -391, 1928, 2164, 32767, -2194, -1026, -439, 1440, 2192, 32767, -1449, -1618, -389, 1244, 2204, 32767, -622, -2004, -240, 1816, 2012, 32767, 232, -2228, -69, 2464, 1964, 32767, 1137, -2388, -15
2680, 1872, 32767, 2131, -2459, 27, 1524, 508, 24596, -2803, -407, 149, -484, 1452, 17432, -4378, 2122, 799, 2116, 3160, 20856, -4466, 1229, 968, 2100, 3852, 20504, -4692, 1492, 833, 1484, 3548, 22240, -5052, 1519, 888, 1440, 3716, 22488, -5186, 1309, 727, 1388, 4136, 23008, -5390, 1385, 649, 1680, 4416, 23644, -5509, 1601, 554, 2064, 4556, 24592, -5494, 1815, 298
2408, 4356, 25356, -5434, 1982, 4, 3068, -980, 22564, -4500, 910, 1240, 832, -600, 15744, -6232, 3664, 1669, 3556, 688, 18608, -6172, 2677, 1660, 3536, 684, 18220, -6307, 2838, 1347, 3348, 296, 19196, -6553, 2789, 1115, 3044, 32, 19576, -6520, 2349, 758, 2540, 620, 19660, -6653, 2129, 548, 2552, 812, 19584, -6731, 1938, 326, 2840, 880, 20092, -6777, 1678, 28
2528, 712, 20492, -6782, 1326, -294, 7112, -3148, 32767, 2960, -1806, -87, -1528, -136, 23932, 1291, 537, 589, 3140, 564, 29620, 1245, -386, 522, 2892, 152, 29624, 1081, -141, 210, 2408, -464, 30840, 811, -193, 24, 2380, -412, 31064, 730, -483, -190, 2516, -196, 32028, 625, -453, -436, 2812, -184, 32767, 588, -257, -684, 3432, -212, 32767, 654, -144, -949
3748, -368, 32767, 793, -79, -1221, 4404, -2060, 32767, 4301, -4401, -645, 2064, -1696, 32767, 2951, -1677, -254, 4604, -900, 32767, 3459, -2575, -68, 4656, -1468, 32767, 4126, -2326, -222, 3888, -1796, 32767, 4789, -2217, -114, 3596, -2352, 32767, 5841, -2154, -82, 3976, -2348, 32767, 6866, -1675, 36, 4468, -2296, 32767, 8072, -959, 102, 5112, -2024, 32767, 9379, -212, 196
5348, -1844, 32767, 10668, 556, 282, 4364, -1760, 32767, -3280, -774, -257, -760, 1152, 8148, -5357, 1969, 230, 1596, 1620, 19416, -5655, 1583, 499, 2028, 1072, 19836, -5885, 1804, 499, 1488, 428, 20992, -6119, 1744, 446, 1028, 140, 21104, -6122, 1485, 378, 884, 136, 21256, -6168, 1380, 434, 928, 84, 21460, -6067, 1368, 454, 1124, 64, 21716, -5820, 1291, 459
1224, 76, 22440, -5473, 1108, 387, 5776, 340, 32767, 1364, -259, -1169, 2876, 540, 32636, 1, 2264, -452, 6976, 1504, 32767, 459, 1472, -537, 6064, 1116, 32767, 702, 1700, -710, 5828, 696, 32767, 878, 1841, -562, 5680, 136, 32767, 1483, 1658, -618, 5620, 312, 32767, 2055, 1701, -666, 5732, 388, 32767, 2609, 1814, -713, 5772, 320, 32767, 3333, 1785, -768
5952, 216, 32767, 4072, 1666, -884, 1396, -4940, 32767, 5691, -3152, -4267, -2136, -2820, 24168, 4824, -1240, -3508, -768, -3404, 32767, 5653, -2171, -2841, 260, -4228, 32767, 6661, -2512, -2495, -288, -4552, 32767, 7588, -2988, -2165, -368, -4408, 32767, 8684, -3441, -1873, -468, -3984, 32767, 9605, -3622, -1514, -128, -3552, 32767, 10531, -3639, -1089, 572, -3216, 32767, 11490, -3688, -792
932, -3172, 32767, 12423, -3562, -604, 8376, -2764, 32767, -884, -3251, -3232, 924, -1172, 20392, -2731, -1339, -2921, 4244, 216, 25672, -2335, -2852, -3030, 3748, -80, 25088, -2002, -3179, -3342, 2896, -948, 26588, -1918, -3732, -3495, 2676, -1156, 26960, -1407, -4382, -3613, 2280, -1288, 27544, -904, -4776, -3560, 2476, -1632, 28760, -265, -5004, -3418, 2784, -2240, 30256, 527, -5219, -3298
2788, -2660, 31572, 1373, -5402, -3108, 1692, -3732, 32767, 6712, -5155, -1247, -1608, -4692, 32767, 6749, -3788, -775, 2440, -2392, 32767, 7957, -5357, -215, 2200, -2244, 32767, 8816, -6072, -155, 2276, -3040, 32767, 9545, -6887, 1, 2728, -3116, 32767, 10670, -7509, -11, 3212, -2940, 32767, 11770, -7863, 96, 3884, -2912, 32767, 12596, -8012, 243, 5024, -3188, 32767, 13782, -8055, 282
5788, -3244, 32767, 14947, -8053, 205, 8628, 984, 32767, -1798, -5339, -2237, 1572, 3260, 13600, -3561, -2756, -2025, 5976, 3224, 31428, -3421, -3012, -2047, 6460, 2356, 31452, -3261, -2549, -2364, 5980, 1896, 32384, -3221, -2178, -2507, 5896, 1744, 32767, -2898, -1906, -2753, 5704, 1704, 32767, -2567, -1569, -2900, 5728, 1808, 32767, -2238, -1278, -2963, 5724, 1716, 32767, -1756, -1080, -3026
5704, 1540, 32767, -1141, -992, -3069, 11648, -1904, 32767, 7383, -4830, -6545, 5816, 1264, 28136, 6570, -2839, -6412, 9192, 524, 32767, 7472, -3591, -6432, 9728, -720, 32767, 8564, -3386, -6578, 9232, -1240, 32767, 9550, -3253, -6680, 8900, -1468, 32767, 10721, -3160, -6763, 8684, -1560, 32767, 12097, -2889, -6400, 8668, -1908, 32767, 13308, -2567, -6460, 9092, -2068, 32767, 14509, -2183, -6298
9312, -2368, 32767, 15901, -1705, -6229, 9820, -2392, 32767, 4000, -7208, 500, 2044, -704, 30208, 3046, -5621, 469, 3372, 1272, 32767, 3412, -6586, 723, 4044, 1308, 32767, 3800, -6779, 590, 3956, 832, 32767, 4120, -7064, 375, 4016, 908, 32767, 4747, -7370, 109, 4012, 1468, 32767, 5282, -7500, -45, 4224, 1640, 32767, 5785, -7406, -272, 4840, 1780, 32767, 6374, -7281, -479
5456, 1604, 32767, 6898, -7103, -731, 4252, -1384, 32767, 4126, -617, 139, -908, 1900, 16704, 1936, 1942, 725, 3932, 1048, 32767, 1942, 1502, 800, 3636, 712, 32767, 2010, 2060, 668, 2904, 400, 32767, 1963, 2363, 801, 2720, 364, 32767, 2289, 2465, 816, 2716, 180, 32767, 2651, 2592, 846, 2956, 216, 32767, 3044, 2646, 893, 3308, 168, 32767, 3527, 2651, 931
3328, 148, 32767, 4136, 2531, 987, 1948, 40, 32767, -1514, -5102, 1518, -420, -12, 32564, -3004, -3422, 1754, 1748, 1228, 32767, -2614, -4679, 2059, 1576, 624, 32767, -2182, -5097, 2064, 1376, 680, 32767, -1811, -5569, 2078, 1420, 544, 32767, -1073, -6192, 2056, 1640, 816, 32767, -376, -6716, 2183, 2136, 1292, 32767, 291, -7067, 2188, 2792, 1684, 32767, 954, -7440, 2180
3548, 1980, 32767, 1663, -7887, 2147, 8100, -1072, 32767, 5867, -4489, 261, 4512, 1236, 32767, 4976, -2029, 160, 6584, 1564, 32767, 5434, -2201, 275, 7388, 744, 32767, 5819, -1834, 49, 7612, 72, 32767, 6123, -1444, -199, 8148, -80, 32767, 6681, -1209, -444, 8192, -424, 32767, 7257, -963, -532, 8460, -612, 32767, 7899, -772, -603, 9224, -764, 32767, 8842, -520, -772
9796, -1312, 32767, 9914, -334, -974, 4020, -604, 32767, 7109, -8620, -3023, 572, -132, 32767, 6098, -6154, -2273, 5032, 196, 32767, 6574, -6270, -2068, 5140, -452, 32767, 7172, -5618, -2229, 4596, -520, 32767, 7719, -5100, -2281, 4528, -716, 32767, 8483, -4589, -2298, 4504, -668, 32767, 9221, -4076, -2209, 4892, -560, 32767, 9939, -3547, -2187, 5516, -600, 32767, 10660, -3063, -2157
6204, -880, 32767, 11495, -2614, -2177, 4656, -6568, 32767, 7683, -6371, -430, 2228, -7408, 32767, 7429, -4605, -180, 4716, -6112, 32767, 8526, -5227, 365, 5052, -6432, 32767, 9677, -4698, 415, 4712, -6720, 32767, 10675, -4376, 692, 4784, -6892, 32767, 11852, -4069, 862, 5300, -6816, 32767, 13050, -3610, 1035, 6028, -6908, 32767, 14240, -2931, 1130, 6908, -6700, 32767, 15435, -2362, 1101
6860, -6540, 32767, 16728, -1709, 1069, 3708, -3980, 32767, -3376, -5742, 3636, 856, -4664, 27104, -4092, -4255, 3849, 2852, -3456, 32767, -3293, -5157, 3983, 3136, -3568, 32767, -2655, -5213, 3882, 2380, -3996, 32767, -2129, -5287, 3797, 2532, -3180, 32767, -1489, -5441, 3626, 2440, -3008, 32767, -959, -5451, 3527, 2696, -2380, 32767, -456, -5346, 3396, 3084, -1840, 32767, 66, -5319, 3218
3012, -1392, 32767, 604, -5383, 3027, 3396, -2124, 32767, 1900, 293, -351, 816, -1576, 29160, 1630, 796, -354, 2188, -1304, 32767, 2605, -870, -438, 1972, -2008, 32767, 3549, -1791, -577, 1128, -2416, 32767, 4422, -2748, -497, 1416, -2540, 32767, 5559, -3918, -480, 1764, -2972, 32767, 6772, -5029, -555, 2084, -2756, 32767, 7999, -5898, -557, 2208, -2772, 32767, 9295, -6708, -461
2280, -3216, 32767, 10702, -7513, -340, 3336, -1132, 32767, -822, -10000, -925, 1008, -1948, 32767, -1750, -7704, -954, 3960, -204, 32767, -1304, -8283, -749, 4136, -172, 32767, -858, -8020, -921, 3676, -804, 32767, -404, -7855, -887, 3708, -600, 32767, 342, -7828, -916, 3580, -128, 32767, 1001, -7614, -863, 3888, 64, 32767, 1745, -7262, -823, 4576, 268, 32767, 2556, -6952, -823
4676, 176, 32767, 3442, -6683, -815, 12368, -3632, 32767, 10084, -8214, -1878, 3892, -2556, 32767, 10054, -7401, -2006, 6256, -1296, 32767, 11340, -9084, -1856, 6736, -1832, 32767, 12568, -9885, -2020, 6936, -2640, 32767, 14085, -10671, -2242, 7100, -2700, 32767, 15715, -11468, -2500, 7324, -2696, 32767, 17314, -12076, -2628, 7632, -2984, 32767, 18845, -12570, -2683, 8524, -3328, 32767, 20566, -13036, -2857
9360, -3940, 32767, 22100, -13311, -3062, 11100, -4912, 32767, 14277, -6351, -412, 3292, -2000, 32767, 13728, -4077, -500, 4952, -340, 32767, 14447, -4595, -299, 6336, -740, 32767, 15306, -4261, -634, 6312, -1200, 32767, 16272, -3928, -980, 6632, -556, 32767, 17344, -3540, -1422, 6272, -500, 32767, 18181, -3015, -1806, 6424, -428, 32767, 19003, -2385, -2127, 6884, -228, 32767, 19837, -1763, -2470
6992, -644, 32767, 20661, -1103, -2765, 5076, -3600, 32767, 1688, -647, -1205, 612, -1236, 22736, 485, 935, -1137, 1548, -1132, 32767, 649, -157, -652, 2992, -1596, 32767, 804, -391, -661, 3616, -2100, 32767, 1087, -640, -822, 4288, -1944, 32767, 1727, -873, -1006, 4312, -1888, 32767, 2301, -875, -1174, 4864, -1644, 32767, 2864, -709, -1256, 5220, -1860, 32767, 3579, -504, -1395
5244, -1920, 32767, 4304, -304, -1480, 8272, -5324, 32767, 790, -9889, -2782, 696, -4052, 32767, 12, -8155, -2460, 2556, -3404, 32767, 900, -9267, -1851, 2716, -4392, 32767, 1894, -9534, -1467, 2192, -5456, 32767, 3069, -9953, -1248, 2500, -5280, 32767, 4529, -10247, -977, 2504, -5344, 32767, 6090, -10437, -661, 2712, -5560, 32767, 7945, -10526, -320, 3584, -5472, 32767, 9754, -10400, -143
